0 0.212775 0.769327 0.242608 0.795342 0.262920 0.802993 0.274346 0.778509 0.300371 0.761676 0.318144 0.750964 0.330839 0.717298 0.338456 0.692814 0.340360 0.640785 0.335282 0.637724 0.327030 0.633133 0.320048 0.630073 0.313700 0.623952 0.304814 0.617831 0.295293 0.616300 0.287676 0.617831 0.271807 0.637724 0.267364 0.631603 0.263555 0.625482 0.254669 0.617831 0.245147 0.620891 0.238165 0.628543 0.231183 0.623952 0.216584 0.630073 0.226740 0.660678 0.215949 0.666799 0.215314 0.697405 0.215949 0.715768 0.219123 0.735661 0.222296 0.754025
0 0.002672 0.291883 0.038853 0.305656 0.054087 0.307186 0.057261 0.271990 0.065513 0.259748 0.081381 0.279641 0.084555 0.299535 0.097885 0.308716 0.113119 0.322489 0.134066 0.342382 0.151204 0.346973 0.165803 0.354624 0.175959 0.348503 0.177864 0.333201 0.155647 0.308716 0.156917 0.291883 0.167708 0.301065 0.197541 0.330140 0.220392 0.351564 0.217853 0.359215 0.219757 0.371457 0.237530 0.356155 0.236261 0.342382 0.250860 0.316368 0.258477 0.299535 0.268633 0.294944 0.302275 0.298005 0.314970 0.291883 0.339725 0.267399 0.354959 0.253627 0.360672 0.250566 0.372098 0.261278 0.360037 0.285762 0.356229 0.304126 0.363846 0.334731 0.357498 0.366867 0.363211 0.406654 0.365750 0.423487 0.375906 0.415835 0.382254 0.429608 0.385427 0.440320 0.390505 0.481637 0.395583 0.512242 0.401931 0.544378 0.407009 0.562741 0.410183 0.573453 0.413991 0.447971 0.419069 0.449501 0.419069 0.558150 0.430495 0.547438 0.443190 0.530605 0.450807 0.552029 0.459693 0.547438 0.462232 0.584165 0.469849 0.585695 0.466041 0.604058 0.465406 0.617831 0.472388 0.613240 0.492066 0.585695 0.503491 0.570392 0.507300 0.558150 0.504761 0.541317 0.499683 0.522954 0.499884 0.504491 0.468446 0.501684 0.469378 0.411299 0.485912 0.410176 0.485213 0.401755 0.485446 0.398948 0.488706 0.401194 0.491035 0.387159 0.488706 0.376492 0.486377 0.373124 0.476597 0.368632 0.470603 0.376546 0.467916 0.372736 0.461752 0.367401 0.458433 0.359781 0.460645 0.349112 0.457642 0.341872 0.458117 0.327393 0.454956 0.320153 0.451953 0.314438 0.447527 0.315962 0.443260 0.314819 0.442944 0.322821 0.438044 0.323964 0.425716 0.312914 0.419236 0.302626 0.410385 0.294243 0.411492 0.285861 0.404221 0.274811 0.405960 0.271763 0.407382 0.274430 0.414653 0.278240 0.416865 0.274049 0.417023 0.272144 0.412756 0.267952 0.407540 0.264142 0.404221 0.258808 0.409121 0.257283 0.412282 0.257664 0.411334 0.250044 0.410385 0.244709 0.414653 0.238994 0.415917 0.242804 0.419394 0.248901 0.421291 0.252711 0.421765 0.256902 0.421607 0.263380 0.421607 0.272525 0.422713 0.277859 0.425400 0.285480 0.427929 0.293481 0.430300 0.299197 0.432829 0.299959 0.434251 0.295768 0.437096 0.291576 0.438992 0.290433 0.441363 0.284718 0.440415 0.276716 0.436148 0.274049 0.431090 0.266047 0.427613 0.262237 0.429668 0.251949 0.433303 0.255759 0.436464 0.259951 0.438834 0.268714 0.444524 0.276716 0.448634 0.283575 0.451162 0.279383 0.451637 0.270238 0.451162 0.264904 0.451162 0.262237 0.455430 0.258808 0.455588 0.241280 0.453375 0.237470 0.447369 0.230992 0.443734 0.224515 0.440731 0.222991 0.439941 0.221467 0.438676 0.210798 0.435831 0.204320 0.440257 0.199748 0.444840 0.214608 0.451004 0.224896 0.451320 0.216513 0.450688 0.210036 0.447211 0.202034 0.449424 0.201653 0.452111 0.197081 0.448950 0.185269 0.438992 0.182601 0.430300 0.178791 0.428245 0.160883 0.422871 0.150595 0.419868 0.143355 0.415601 0.131162 0.412756 0.126971 0.408173 0.124685 0.406434 0.123542 0.403273 0.129257 0.401851 0.134973 0.399006 0.141069 0.397741 0.144879 0.396635 0.145641 0.392684 0.146784 0.392842 0.152500 0.393790 0.163550 0.393000 0.160883 0.392210 0.150214 0.390787 0.149452 0.388100 0.147547 0.386836 0.154024 0.383517 0.160883 0.380356 0.164693 0.378459 0.163169 0.378301 0.159740 0.380830 0.153262 0.384149 0.146403 0.388574 0.138021 0.392210 0.130400 0.396319 0.137259 0.397425 0.138783 0.400428 0.136497 0.398057 0.130019 0.394896 0.118969 0.399954 0.116683 0.403115 0.109443 0.407066 0.104490 0.409437 0.101823 0.411018 0.094583 0.412914 0.099537 0.420026 0.099918 0.424610 0.090773 0.427929 0.082009 0.428561 0.065625 0.428245 0.061815 0.429351 0.057242 0.432670 0.047335 0.432829 0.042001 0.435990 0.041620 0.440257 0.034761 0.436464 0.031332 0.431880 0.024474 0.429826 0.020663 0.433777 0.021806 0.437412 0.018377 0.440099 0.012662 0.439783 0.008851 0.436464 0.008470 0.431248 0.005422 0.430719 0.000000 0.124130 0.000000 0.128133 0.027225 0.138138 0.044914 0.156815 0.056170 0.166820 0.073859 0.153480 0.075467 0.134803 0.067427 0.117460 0.056170 0.104120 0.049738 0.088778 0.040089 0.075437 0.036873 0.062764 0.028833 0.055427 0.024009 0.045421 0.017576 0.021408 0.007928 0.035416 0.041697 0.031414 0.049738 0.031414 0.062603 0.043420 0.075467 0.056761 0.088332 0.064098 0.107629 0.064098 0.118885 0.054760 0.120493 0.042086 0.107629 0.030080 0.091548 0.020074 0.078683 0.004733 0.083508 -0.000000 0.083508
0 0.085443 0.361705 0.087444 0.411556 0.092780 0.427636 0.084776 0.463014 0.106788 0.480703 0.134136 0.488743 0.148143 0.485527 0.142807 0.459798 0.139472 0.442109 0.126798 0.430853 0.116793 0.424420 0.113458 0.409948 0.109456 0.377786
0 0.143577 0.402678 0.133840 0.430065 0.143983 0.438868 0.148852 0.438868 0.150474 0.427131 0.155749 0.414415
0 0.130594 0.604169 0.128160 0.624709 0.126943 0.653074 0.128160 0.664812 0.129783 0.685352 0.130189 0.704914 0.126943 0.720564 0.123291 0.725454 0.117206 0.722520 0.109497 0.719586 0.107874 0.703936 0.111931 0.693177 0.115989 0.683396 0.119234 0.659921 0.122074 0.644271 0.126131 0.620797
0 0.518991 0.441713 0.518686 0.484371 0.530736 0.484739 0.530431 0.446126 0.530431 0.440242 0.527228 0.439139 0.524025 0.440242 0.520974 0.441346
0 0.518381 0.489519 0.518228 0.501655 0.514415 0.504229 0.512432 0.504229 0.511517 0.509377 0.508313 0.513055 0.506330 0.515261 0.505263 0.520777 0.504347 0.529603 0.505263 0.534384 0.507398 0.536958 0.510296 0.540635 0.514720 0.544313 0.511669 0.548358 0.510296 0.551300 0.511517 0.558287 0.513194 0.559390 0.515635 0.558287 0.516550 0.550932 0.520211 0.558654 0.523567 0.560861 0.521126 0.565274 0.517466 0.566009 0.515940 0.567480 0.515177 0.574099 0.513805 0.580719 0.512432 0.584028 0.512432 0.592486 0.511059 0.599106 0.509686 0.602783 0.507551 0.607564 0.506178 0.611977 0.511059 0.611609 0.513500 0.609035 0.517008 0.609770 0.520059 0.606093 0.520211 0.602048 0.521737 0.593222 0.524177 0.586603 0.524330 0.583293 0.525397 0.575938 0.526465 0.572261 0.529211 0.568216 0.530889 0.547254 0.530889 0.537693 0.530431 0.517835 0.530431 0.499816 0.530584 0.491726
0 0.485585 0.609035 0.485280 0.630363 0.491382 0.622273 0.493060 0.620067 0.496263 0.618964 0.502364 0.620067 0.504500 0.613815 0.504195 0.610138 0.500534 0.596899 0.497331 0.592119 0.493060 0.588809 0.490924 0.588441 0.488483 0.592119 0.487873 0.593957 0.487873 0.597635 0.490314 0.599473 0.490924 0.603519 0.490314 0.607196 0.487721 0.609402
0 0.515549 0.660229 0.518026 0.651604 0.525732 0.648286 0.528209 0.650277 0.530686 0.654921 0.531511 0.661556 0.533988 0.670844 0.539217 0.672171 0.545822 0.676816 0.544996 0.680796 0.543070 0.681460 0.540593 0.684777 0.543620 0.704018 0.543070 0.711316 0.537566 0.711980 0.535639 0.711980 0.532062 0.706672 0.527658 0.698710 0.522705 0.689422 0.521879 0.686104 0.520503 0.682123 0.516650 0.672835
0 0.535914 0.433321 0.532612 0.439956 0.535364 0.451235 0.535364 0.473129 0.532337 0.480428 0.534814 0.485072 0.534263 0.510284 0.534263 0.530852 0.534263 0.540804 0.533438 0.561371 0.534538 0.588574 0.537566 0.595208 0.539217 0.595208 0.547198 0.591228 0.549124 0.589237 0.552977 0.585256 0.559307 0.585920 0.562334 0.587910 0.568114 0.593881 0.575269 0.593218 0.578847 0.588574 0.581599 0.581939 0.581874 0.566016 0.582700 0.562698 0.590405 0.559381 0.592057 0.552746 0.590956 0.542131 0.590681 0.528861 0.594809 0.522890 0.600588 0.522890 0.602515 0.520899 0.606092 0.516919 0.613798 0.518246 0.619577 0.517582 0.627558 0.510947 0.637191 0.505640 0.642970 0.503649 0.643245 0.518909 0.647098 0.537486 0.650401 0.544121 0.659758 0.548765 0.664711 0.546775 0.661959 0.518246 0.661959 0.508293 0.664436 0.499005 0.671591 0.487726 0.675444 0.485072 0.675995 0.503649 0.679297 0.504976 0.687553 0.495687 0.692782 0.490380 0.703515 0.497678 0.705717 0.502322 0.717276 0.527534 0.722505 0.528861 0.727458 0.518909 0.734614 0.503649 0.740118 0.487726 0.745072 0.474456 0.749475 0.475783 0.761034 0.475120 0.763235 0.469812 0.764061 0.433984 0.771216 0.407445 0.774244 0.404128 0.778922 0.420051 0.782225 0.420715 0.789655 0.429340 0.793233 0.426023 0.796015 0.422397 0.809490 0.415694 0.815478 0.428069 0.832803 0.406412 0.838150 0.397647 0.839647 0.384240 0.846491 0.377021 0.852908 0.362584 0.853336 0.355365 0.843283 0.353818 0.840503 0.352271 0.842855 0.347630 0.850127 0.332677 0.854833 0.318755 0.859538 0.304833 0.863206 0.277297 0.862431 0.267949 0.857390 0.266080 0.851186 0.256265 0.847697 0.251124 0.840718 0.248320 0.830055 0.246918 0.822688 0.248320 0.830831 0.245048 0.836453 0.241309 0.842656 0.234766 0.848472 0.227755 0.855064 0.219343 0.856421 0.216071 0.852350 0.197844 0.849442 0.185692 0.838779 0.174008 0.835289 0.185692 0.830831 0.192702 0.819005 0.183822 0.816485 0.182888 0.818617 0.179616 0.815127 0.166997 0.811250 0.158584 0.812220 0.157649 0.814546 0.156247 0.817648 0.150639 0.821331 0.138487 0.818423 0.123531 0.815903 0.116988 0.811056 0.113716 0.789731 0.114651 0.774804 0.119792 0.771896 0.114651 0.757550 0.111847 0.751734 0.109510 0.743979 0.109043 0.731959 0.111847 0.721878 0.114184 0.712185 0.116521 0.702880 0.116521 0.696288 0.113716 0.691829 0.108108 0.689697 0.103434 0.684462 0.107641 0.678647 0.116988 0.673024 0.126336 0.668372 0.136618 0.664882 0.145965 0.660811 0.156247 0.655577 0.167464 0.652281 0.178214 0.650148 0.186159 0.648016 0.196441 0.638129 0.201583 0.636966 0.203452 0.632701 0.212799 0.631731 0.225886 0.626885 0.230092 0.621844 0.223082 0.613896 0.232896 0.614671 0.240374 0.618355 0.244581 0.618548 0.256265 0.616997 0.248320 0.613120 0.252994 0.610794 0.245516 0.608080 0.238505 0.604009 0.242244 0.600713 0.248787 0.596448 0.244581 0.591989 0.242244 0.588305 0.255330 0.589856 0.260471 0.591795 0.267015 0.594509 0.271688 0.593540 0.281036 0.591989 0.282905 0.587918 0.285710 0.585591 0.289449 0.584040 0.294122 0.583071 0.303002 0.584234 0.308611 0.584622 0.315621 0.584428 0.318893 0.581908 0.317491 0.577837 0.317024 0.575317 0.319828 0.574347 0.324969 0.573959 0.333849 0.572990 0.338990 0.569694 0.342729 0.564266 0.347403 0.558838 0.349740 0.554767 0.350674 0.550696 0.352077 0.548369 0.353946 0.545849 0.358620 0.545074 0.363761 0.546431 0.370771 0.543717 0.373108 0.542359 0.387597 0.542553 0.396944 0.541196 0.403955 0.539064 0.404890 0.535186 0.409563 0.538094 0.426856
0 0.771391 0.010117 0.765546 0.012935 0.753857 0.016693 0.738660 0.031723 0.731647 0.039238 0.728140 0.058025 0.734764 0.067419 0.739440 0.066479 0.752688 0.052389 0.758532 0.043934 0.764377 0.058025 0.772949 0.055207 0.779184 0.046753 0.795549 0.035480 0.778015 0.067419 0.769832 0.080570 0.766715 0.095600 0.776067 0.094661 0.783080 0.095600 0.791263 0.108751 0.799056 0.111569 0.817369 0.109691 0.822435 0.104994 0.826721 0.105933 0.831397 0.121902 0.825942 0.130357 0.825162 0.155720 0.829838 0.160417 0.845424 0.146326 0.846593 0.120024 0.846983 0.113448 0.855945 0.129417 0.871920 0.126599 0.860620 0.136932 0.853996 0.148205 0.847762 0.165114 0.851659 0.167932 0.860231 0.151962 0.869582 0.151962 0.871141 0.164174 0.883610 0.177325 0.895299 0.181083 0.901144 0.173568 0.903092 0.176386 0.912444 0.182962 0.919847 0.180144 0.921016 0.190477 0.916340 0.211143 0.933095 0.209264 0.942057 0.192355 0.942447 0.178265 0.948292 0.156659 0.959202 0.199870 0.954916 0.221476 0.937381 0.220537 0.933485 0.232748 0.947123 0.252475 0.960760 0.244021 0.969333 0.207385 0.970891 0.245900 0.977126 0.256233 0.991543 0.252475 0.999336 0.231809 0.996998 0.213961 0.984139 0.211143 0.981022 0.203628 0.981022 0.195174 0.990374 0.197992 0.996998 0.193295 0.999606 0.092669 0.998167 0.055207 0.996218 0.052389 0.986867 0.029844 0.980243 0.027026 0.980632 0.018571 0.996608 0.001663 0.776067 0.000723
0 0.667354 0.980489 0.662289 0.969217 0.660730 0.956066 0.666185 0.954187 0.677096 0.946672 0.683330 0.919430 0.684499 0.926945 0.691513 0.944793 0.702033 0.934460 0.704761 0.950429 0.719567 0.944793 0.721516 0.956066 0.725412 0.969217 0.727360 0.986125 0.726971 0.994580 0.722295 0.995519 0.705150 0.989883 0.696188 0.991762 0.684499 0.991762 0.675147 0.995519 0.666185 0.990822
0 0.895299 0.495773 0.876206 0.505167 0.873089 0.532408 0.872310 0.569044 0.872310 0.597225 0.867245 0.613194 0.854386 0.616952 0.843866 0.610376 0.849710 0.596286 0.848931 0.578438 0.838800 0.576559 0.832566 0.562468 0.829838 0.541802 0.834904 0.543681 0.844255 0.540863 0.849321 0.527711 0.854386 0.518318 0.860620 0.505167 0.865296 0.500470 0.876596 0.493894 0.882051 0.490137 0.889065 0.487318
