0 0.005228 0.892951 0.033556 0.946614 0.045788 0.934497 0.052870 0.821978 0.077335 0.811591 0.094074 0.863523 0.111457 0.856599 0.126909 0.849675 0.142360 0.879103 0.163606 0.889489 0.181633 0.879103 0.204167 0.847943 0.227988 0.806398 0.239577 0.782163 0.241508 0.844481 0.267261 0.825440 0.281425 0.783894 0.297520 0.818515 0.300739 0.892951 0.264685 0.929303 0.249234 0.937959 0.242152 0.977773 0.238933 0.989891 0.230655 0.998996 0.000000 0.998996
0 0.193222 0.491345 0.189359 0.539814 0.000000 0.626109 0.002009 0.527697
0 0.246659 0.364977 0.229276 0.408254 0.229276 0.446337 0.231851 0.463648 0.242152 0.500000 0.253741 0.522504 0.271124 0.520773 0.279493 0.515580 0.286575 0.477496 0.291726 0.458455 0.286575 0.435951 0.261466 0.422102 0.253097 0.408254 0.249878 0.385750
0 0.279493 0.570974 0.270480 0.579629 0.274343 0.609057 0.277562 0.631561 0.283356 0.693879 0.283356 0.745811 0.280781 0.761390 0.296876 0.806398 0.316834 0.835826 0.349025 0.835826 0.370915 0.792550 0.387010 0.731962 0.399243 0.700803 0.411475 0.671375 0.419845 0.647140 0.434653 0.609057 0.439803 0.593477 0.444954 0.586553 0.451392 0.570974 0.457186 0.545008 0.459118 0.517311 0.458474 0.501731 0.441091 0.482689 0.420489 0.470572 0.408900 0.475765 0.381860 0.519042 0.360614 0.564049 0.338724 0.576167 0.314259 0.581360 0.291726 0.570974
0 0.239577 0.011840 0.241508 0.039537 0.224125 0.053386 0.214468 0.072428 0.229276 0.115704 0.237645 0.191871 0.240864 0.202257 0.263398 0.255920 0.280137 0.285348 0.297520 0.297466 0.306533 0.278424 0.329067 0.304390 0.354176 0.297466 0.347094 0.252458 0.338724 0.224761 0.356751 0.183216 0.363833 0.108780 0.332286 0.105318 0.333574 0.065503 0.341299 0.049924 0.354820 0.036075 0.370915 0.034344 0.388298 0.006647
0 0.482400 0.276495 0.480497 0.293761 0.481686 0.307191 0.479070 0.308470 0.480259 0.321899 0.479783 0.340445 0.479070 0.348119 0.478832 0.353874 0.478832 0.362188 0.479070 0.374338 0.479308 0.385849 0.479308 0.398639 0.479308 0.408232 0.478594 0.421661 0.478594 0.430614 0.477881 0.438928 0.474313 0.438928 0.469080 0.451718 0.470032 0.467705 0.474789 0.464508 0.476929 0.472821 0.486681 0.468345 0.488346 0.451078 0.488108 0.429335 0.487632 0.410790 0.489773 0.397360 0.490248 0.371780 0.486205 0.367943 0.489535 0.360269 0.489773 0.353874 0.489773 0.346200 0.489297 0.332771 0.487156 0.331492 0.487394 0.325097 0.486681 0.319341 0.486443 0.309749 0.486919 0.294401
0 0.544239 0.373699 0.541622 0.394802 0.542574 0.418464 0.544001 0.426777 0.546379 0.421022 0.549947 0.415266 0.551374 0.410150 0.551374 0.396081 0.550660 0.385849 0.549233 0.381373 0.547331 0.397360 0.546855 0.394163 0.546141 0.382652
0 0.525692 0.396166 0.524256 0.407751 0.522501 0.406463 0.521862 0.428346 0.522820 0.435211 0.524575 0.431778 0.523937 0.423197 0.525213 0.427917 0.525692 0.432207 0.527447 0.425342 0.526490 0.418048 0.526490 0.411612 0.526490 0.405176
0 0.490904 0.401744 0.489149 0.408180 0.490744 0.421052 0.492659 0.421052
0 0.585693 0.360553 0.584098 0.371280 0.584098 0.379003 0.587449 0.379432 0.588087 0.376000 0.588247 0.366131
0 0.585693 0.385439 0.584896 0.388443 0.583619 0.390159 0.583619 0.397453 0.586013 0.404747 0.585374 0.411183 0.585534 0.420194 0.586491 0.434782 0.586811 0.440360 0.590960 0.437785 0.591279 0.432207 0.587928 0.424913 0.588406 0.418477 0.589843 0.414187 0.588247 0.407751 0.589843 0.403460 0.588566 0.397453 0.589045 0.393162 0.589523 0.388443 0.587449 0.387585
0 0.612183 0.282463 0.610907 0.295335 0.611066 0.301342 0.609630 0.303917 0.609471 0.313785 0.610907 0.318934 0.614577 0.322795 0.616492 0.319363 0.617290 0.315072 0.617769 0.307778 0.616333 0.303487 0.616173 0.298768 0.614577 0.292761 0.613779 0.285896 0.610747 0.278602
0 0.607077 0.324512 0.611226 0.328802 0.612981 0.324941 0.616333 0.324941 0.620482 0.328373 0.623035 0.332235 0.615854 0.345536 0.616333 0.349827 0.616652 0.352401 0.621918 0.347252 0.622237 0.352401 0.618886 0.358408 0.615056 0.360124 0.613779 0.366560 0.620162 0.362699 0.621918 0.362699 0.619045 0.371709 0.619524 0.373854 0.621599 0.370851 0.622875 0.373854 0.620960 0.385010 0.619364 0.389730 0.619843 0.393591 0.618567 0.395737 0.618088 0.397882 0.619364 0.399169 0.621599 0.397453 0.621918 0.401744 0.620322 0.407322 0.617290 0.412899 0.615694 0.418477 0.615056 0.421052 0.612024 0.422339 0.611423 0.424744 0.610487 0.418817 0.611957 0.415584 0.608684 0.411632 0.609485 0.410016 0.611356 0.404807 0.611289 0.402293 0.609819 0.399239 0.607882 0.392953 0.606346 0.388103 0.605878 0.385589 0.605745 0.381817 0.606279 0.381099 0.607548 0.377686 0.607682 0.376070 0.607348 0.372837 0.607615 0.371400 0.608016 0.370861 0.608684 0.370322 0.610087 0.370322 0.609485 0.368346 0.609018 0.364754 0.606813 0.359725 0.605878 0.352720 0.606212 0.350924 0.609151 0.354337 0.611089 0.357031 0.611556 0.355235 0.608550 0.349487 0.608483 0.344279 0.608350 0.340866 0.608884 0.340327 0.611823 0.342842 0.609218 0.337454 0.608550 0.334580 0.607014 0.328653
0 0.604990 0.459083 0.607548 0.451175 0.608955 0.450143 0.611384 0.451518 0.614070 0.452550 0.618929 0.452206 0.621103 0.452550 0.623789 0.452206 0.626986 0.451862 0.629288 0.450487 0.631206 0.449112 0.633764 0.449455 0.636577 0.450143 0.639263 0.452206 0.643099 0.452550 0.642971 0.455644 0.642971 0.461146 0.637728 0.459083 0.639646 0.465960 0.635170 0.466304 0.627625 0.466647 0.623150 0.465272 0.618674 0.463553 0.616116 0.462521 0.612663 0.461834 0.607292 0.461146
0 0.659979 0.463209 0.659979 0.470086 0.665350 0.473868 0.672256 0.472149 0.671489 0.466647 0.669443 0.461490 0.666501 0.460802 0.665222 0.461834 0.663816 0.462177
0 0.664072 0.235242 0.667396 0.237649 0.669570 0.240056 0.666501 0.252091 0.666629 0.256904 0.668292 0.261374 0.666118 0.271689 0.668036 0.280629 0.668036 0.289225 0.670849 0.277535 0.673023 0.281661 0.673151 0.289225 0.668292 0.296446 0.668931 0.308137 0.668547 0.317420 0.670082 0.314670 0.670977 0.305386 0.674686 0.308480 0.673918 0.324641 0.673151 0.330142 0.671489 0.331862 0.668292 0.336675 0.667396 0.332206 0.669954 0.328423 0.665478 0.322234 0.662921 0.319140 0.663304 0.310887 0.661642 0.301604 0.659596 0.296446 0.659724 0.290601 0.663048 0.290257 0.663816 0.293008 0.664072 0.282692 0.662921 0.271689 0.662409 0.267907 0.662665 0.259999 0.662921 0.248996
0 0.660235 0.313982 0.663304 0.324985 0.664583 0.332206 0.663048 0.335300 0.660619 0.333925 0.660491 0.327392 0.659596 0.329111 0.657805 0.322578
0 0.668036 0.343208 0.671233 0.337707 0.673663 0.339770 0.676732 0.333925 0.676860 0.340114 0.677755 0.346647 0.676988 0.354899 0.676988 0.360744 0.674814 0.363495 0.673918 0.366246 0.673151 0.368653 0.675964 0.372091 0.678394 0.373123 0.677115 0.377936 0.676476 0.384469 0.676220 0.400286 0.676092 0.407507 0.673535 0.411977 0.672767 0.416103 0.668803 0.425386 0.667780 0.429169 0.663816 0.429513 0.662793 0.425730 0.663688 0.410601 0.663304 0.404412 0.661770 0.401661 0.661002 0.397535 0.660747 0.392378 0.662537 0.387220 0.665095 0.389283 0.666757 0.397879 0.667524 0.398911 0.669570 0.404068 0.670721 0.398911 0.672640 0.393409 0.672256 0.385845 0.672895 0.379656 0.671233 0.381375 0.669187 0.382750 0.668675 0.380687 0.668675 0.376217 0.669187 0.372779 0.665478 0.370028 0.663304 0.368997 0.659596 0.363151 0.659084 0.359025 0.659468 0.353524 0.660363 0.346303 0.661258 0.344584 0.662921 0.348710 0.664455 0.350429 0.665478 0.349054
0 0.662921 0.386876 0.661130 0.384813 0.660363 0.380343 0.664967 0.374842
0 0.970215 0.000230 0.980680 0.002788 0.987102 0.011741 0.991621 0.009823 0.991329 0.000000 0.999627 0.000200 0.999627 0.342363 0.989242 0.334050 0.986388 0.324457 0.981156 0.316144 0.979491 0.300796 0.981394 0.293761 0.978777 0.282890 0.978777 0.273937 0.979491 0.250914 0.976161 0.224055 0.976637 0.217660 0.967123 0.220218 0.960701 0.218300 0.959036 0.209347 0.975685 0.208707 0.975685 0.197196 0.977112 0.176093 0.965696 0.173535 0.964507 0.166500 0.969739 0.159466 0.973545 0.142839 0.974734 0.136444 0.975923 0.124933 0.974258 0.119817 0.965696 0.114701 0.971166 0.105748 0.967599 0.100632 0.957847 0.099992 0.952852 0.096795 0.951663 0.087202 0.959988 0.080168 0.961653 0.065459 0.963318 0.055227 0.973545 0.056506 0.974972 0.052030 0.972831 0.043077 0.973307 0.032845 0.974972 0.027729 0.966409 0.016218
