0 0.834368 0.917242 0.860063 0.918884 0.878693 0.854820 0.900534 0.856462 0.956423 0.882745 0.987258 0.887673 0.984046 0.844964 0.992397 0.828537 0.999634 0.830850 0.999634 0.999064 0.892183 0.996090 0.835010 0.941882
0 0.100108 0.015408 0.115525 0.005552 0.121109 0.000000 0.324304 0.002267 0.318523 0.033478 0.288973 0.010480 0.283191 0.010480 0.286403 0.031835 0.288973 0.056475 0.276767 0.071260 0.288973 0.113969 0.293469 0.178034 0.279979 0.145180 0.272913 0.146823 0.262634 0.204317 0.249144 0.192818 0.244005 0.181319 0.235011 0.173106 0.238866 0.146823 0.219594 0.127111 0.223448 0.161607 0.204176 0.150108 0.195183 0.169821 0.172699 0.136967 0.137367 0.110684 0.133513 0.086044 0.110386 0.054833
0 0.353212 0.005552 0.617880 0.005552 0.607601 0.044977 0.616595 0.097543 0.610171 0.115612 0.596038 0.097543 0.586402 0.113969 0.565203 0.141895 0.562634 0.173106 0.547216 0.209245 0.538223 0.184605 0.526659 0.173106 0.514454 0.171463 0.503533 0.189533 0.489400 0.202674 0.478480 0.202674 0.470777 0.161931 0.463383 0.178137 0.451060 0.142124 0.445427 0.119616 0.446483 0.105211 0.430992 0.081803 0.424654 0.090806 0.424302 0.111513 0.405290 0.122317 0.403881 0.106111 0.397192 0.125018 0.381700 0.120516 0.384165 0.106111 0.388390 0.087205 0.385221 0.070999 0.372194 0.063796 0.361631 0.041289
0 0.433699 0.436139 0.430677 0.453411 0.432633 0.461138 0.429433 0.464774 0.427833 0.478410 0.428011 0.486591 0.426767 0.487955 0.426056 0.497500 0.425700 0.506591 0.427478 0.516590 0.429966 0.526590 0.433521 0.536135 0.437254 0.539771 0.438854 0.452502 0.444720 0.452956 0.444186 0.442048 0.439032 0.437502
0 0.447386 0.444775 0.449163 0.465683 0.441342 0.463865 0.440454 0.527499 0.469249 0.528863 0.471027 0.534771 0.468894 0.541135 0.460717 0.542044 0.457695 0.536590 0.456984 0.542044 0.445253 0.546135 0.442053 0.542498 0.441698 0.536135 0.440276 0.536135 0.441342 0.548862 0.442053 0.556134 0.439387 0.562498 0.440987 0.577952 0.446497 0.586588 0.451119 0.587042 0.452007 0.588406 0.453963 0.605678 0.460539 0.622041 0.462495 0.616587 0.468005 0.615678 0.472982 0.616132 0.476892 0.616587 0.480447 0.619314 0.485958 0.621586 0.482047 0.611587 0.479203 0.605223 0.489868 0.607496 0.494312 0.597951 0.495912 0.574770 0.491646 0.577043 0.488446 0.579315 0.486135 0.588860 0.479736 0.597042 0.477248 0.593860 0.478314 0.589315 0.483647 0.579770 0.475648 0.577952 0.475826 0.561134 0.479559 0.553407 0.482047 0.549316 0.483469 0.544771 0.480270 0.535681 0.481692 0.529772 0.482403 0.521590 0.483114 0.510681 0.482225 0.503863 0.479381 0.492500 0.480447 0.490228 0.481158 0.482046 0.475648 0.482955 0.478670 0.477046 0.475293 0.473410 0.472982 0.476592 0.473515 0.464774 0.471204 0.455683 0.465339 0.449775 0.464805 0.455683 0.460717 0.456592 0.458762 0.459774 0.455385 0.454320 0.453785 0.447502 0.449697 0.442957
0 0.487380 0.524772 0.488446 0.536135 0.489868 0.537499 0.488624 0.542953 0.490046 0.551135 0.492357 0.552953 0.496978 0.551135 0.497689 0.611587 0.503200 0.599769 0.509065 0.587951 0.515464 0.593406 0.521152 0.597496 0.524352 0.580679 0.529329 0.571134 0.530929 0.570225 0.539638 0.583861 0.547282 0.586588 0.552614 0.584770 0.556702 0.577952 0.560257 0.570225 0.565412 0.563861 0.567723 0.560225 0.574300 0.568407 0.581765 0.567498 0.583365 0.567043 0.582299 0.560225 0.583721 0.550680 0.577677 0.546589 0.577677 0.531590 0.585854 0.537044 0.589764 0.547044 0.593497 0.547953 0.601140 0.548407 0.606117 0.546589 0.613938 0.542953 0.623359 0.534771 0.625847 0.529772 0.616071 0.528863 0.611627 0.527044 0.611627 0.522954 0.609850 0.517954 0.607361 0.522954 0.599363 0.527954 0.591186 0.524317 0.594030 0.517045 0.595274 0.512045 0.609317 0.509772 0.627980 0.508409 0.629936 0.505682 0.628514 0.489773 0.624959 0.477501 0.618915 0.461592 0.613405 0.451138 0.613583 0.449320 0.617671 0.441593 0.613583 0.437502 0.616782 0.429775 0.618915 0.418867 0.616427 0.411594 0.610561 0.409321 0.606828 0.402049 0.600785 0.402504 0.599896 0.406140 0.595808 0.405685 0.588875 0.407958 0.586031 0.410685 0.584965 0.409776 0.589409 0.401140 0.590831 0.391595 0.588698 0.392049 0.579810 0.397049 0.577499 0.394322 0.572344 0.397958 0.574300 0.400685 0.574478 0.403413 0.573589 0.403867 0.571278 0.400685 0.568789 0.401594 0.567367 0.406594 0.565768 0.410685 0.564881 0.413995 0.559735 0.421051 0.558915 0.416283 0.554291 0.417428 0.554440 0.421432 0.550339 0.426581 0.547803 0.428869 0.548772 0.432874 0.548101 0.435353 0.547132 0.433065 0.544298 0.433256 0.543552 0.437451 0.543105 0.439549 0.541613 0.440502 0.540345 0.440311 0.538257 0.443172 0.537362 0.444125 0.535871 0.446223 0.535423 0.447749 0.534752 0.451372 0.533410 0.453279 0.532366 0.454995 0.530874 0.453279 0.529084 0.453279 0.528040 0.454995 0.527369 0.456711 0.525729 0.457093 0.524759 0.457856 0.522224 0.458618 0.521627 0.460335 0.520881 0.462432 0.519763 0.461670 0.518644 0.462432 0.516108 0.465865 0.516257 0.474446 0.517078 0.478070 0.519837 0.482265 0.521851 0.486270 0.519017 0.484363 0.516780 0.484744 0.514990 0.487986 0.512827 0.492944 0.511932 0.496949 0.511037 0.500000 0.509173 0.500763 0.507756 0.501716 0.507308 0.500953 0.503654 0.497140 0.503803 0.503433 0.503878 0.507437 0.502983 0.509344 0.501641 0.510488 0.500522 0.512586 0.500224 0.518307 0.496719 0.518879 0.493586 0.519070 0.492542 0.519642 0.491126 0.520595 0.490753 0.522884 0.490529 0.525554 0.490007 0.526316 0.488366 0.524409
0 0.551639 0.621243 0.556333 0.624444 0.558837 0.621643 0.564314 0.623644 0.569791 0.618842 0.571355 0.617641 0.572764 0.607238 0.572764 0.600035 0.568069 0.594033 0.562280 0.588831 0.561497 0.603236 0.560245 0.610439 0.556333 0.610839
0 0.564470 0.649253 0.564314 0.656055 0.567443 0.650853 0.572138 0.649653 0.573390 0.645251 0.572451 0.635248 0.565566 0.636048 0.559463 0.637648 0.561654 0.644451
0 0.843744 0.102323 0.847447 0.147561 0.879537 0.152822 0.887355 0.267496 0.878715 0.264340 0.871720 0.266444 0.868018 0.271704 0.863903 0.284329 0.861435 0.294849 0.861023 0.311682 0.861435 0.331671 0.863492 0.348504 0.866783 0.357972 0.872955 0.357972 0.867195 0.364285 0.866783 0.396899 0.868840 0.411627 0.900109 0.410575 0.919034 0.591529 0.911217 0.596789 0.896817 0.591529 0.893114 0.578904 0.894349 0.571540 0.884475 0.564175 0.875835 0.573644 0.870898 0.576800 0.868840 0.565227 0.875012 0.553655 0.880360 0.545238 0.877892 0.542082 0.870898 0.535770 0.860201 0.532614 0.848269 0.512625 0.850738 0.497896 0.853206 0.488427 0.847035 0.471594 0.844155 0.466334 0.844155 0.448449 0.844567 0.437929 0.850738 0.431616 0.855264 0.425304 0.846212 0.420044 0.842509 0.407419 0.842509 0.400055 0.837161 0.395846 0.831401 0.404263 0.825230 0.407419 0.819881 0.405315 0.809184 0.401107 0.789847 0.400055 0.783265 0.390586 0.780796 0.377962 0.780385 0.361129 0.785322 0.353764 0.785733 0.347452 0.770099 0.349556 0.760225 0.345348 0.757756 0.334827 0.750762 0.321151 0.748294 0.295901 0.751996 0.288537 0.758991 0.282224 0.757345 0.265392 0.751996 0.240142 0.768042 0.244350 0.773390 0.241194 0.775448 0.233830 0.780796 0.226466 0.788202 0.209633 0.786556 0.199112 0.784087 0.183331 0.784087 0.173863 0.789024 0.172811 0.796019 0.167550 0.799310 0.163342 0.804247 0.153874 0.810830 0.141249 0.812887 0.129676 0.819058 0.128624 0.834692 0.146509 0.840452 0.140197
0 0.891340 0.045734 0.901639 0.064753 0.911937 0.170090 0.904499 0.187646
0 0.909076 0.254945 0.919947 0.247630 0.947982 0.540233 0.950842 0.565104 0.941688 0.570956
0 0.918803 0.006232 0.929673 0.085235 0.964001 0.079383 0.972583 0.096939 0.964573 0.023789 0.928529 0.013548 0.927957 0.003306
0 0.947982 0.235926 0.968578 0.468545 0.999634 0.459280 0.998902 0.317855 0.992036 0.235926
0 0.977160 0.013548 0.996613 0.186183 0.998902 0.156923 0.982882 0.015011
0 0.992608 0.007695 0.998902 0.057438 0.999474 0.000380 0.998507 0.000000
0 0.204778 0.572419 0.213256 0.572533 0.219960 0.583083 0.219702 0.620668 0.218671 0.635834 0.218929 0.647703 0.210935 0.652978 0.206551 0.647043 0.203715 0.633856 0.203715 0.625943 0.207583 0.635174 0.210419 0.629240 0.210161 0.625284 0.200878 0.615393 0.202683 0.608799 0.206036 0.608799 0.206293 0.602864 0.203715 0.598249 0.203199 0.587698 0.208098 0.592974 0.203199 0.589017 0.202168 0.583742
