0 0.559256 0.643114 0.560306 0.720690 0.554002 0.711595 0.551271 0.693404 0.549800 0.674679 0.549170 0.653279 0.548329 0.635624 0.547909 0.617434 0.549380 0.607269 0.553582 0.602454 0.557785 0.598173 0.567030 0.597103 0.576486 0.600314 0.579428 0.614224 0.580058 0.622249 0.579428 0.636694 0.577537 0.640439 0.572914 0.640974 0.573334 0.677889 0.571233 0.694474 0.565559 0.705710 0.564929 0.636694
0 0.299776 0.522123 0.299776 0.550498 0.300532 0.574545 0.304688 0.586087 0.307143 0.586087 0.309221 0.574545 0.310543 0.556269 0.313565 0.563964 0.313754 0.579835 0.312810 0.594744 0.315643 0.588492 0.317910 0.594263 0.322632 0.597630 0.329243 0.595706 0.330943 0.586087 0.327354 0.567331 0.324899 0.555308 0.324332 0.551460 0.324332 0.549055 0.330565 0.543765 0.332832 0.549055 0.335477 0.551941 0.336043 0.557712 0.342277 0.564445 0.345677 0.577431 0.344166 0.588011 0.345677 0.614944 0.348888 0.616867 0.352288 0.609653 0.350210 0.597149 0.349077 0.581759 0.350399 0.562522 0.352855 0.563484 0.352666 0.581759 0.354366 0.581278 0.357199 0.576950 0.358899 0.540399 0.355121 0.533185 0.354177 0.526932 0.353988 0.516833 0.354743 0.507695 0.355688 0.506733 0.356632 0.505771 0.359655 0.505290 0.362866 0.504809 0.363810 0.504809 0.366832 0.509619 0.368344 0.513466 0.368721 0.521642 0.365888 0.535589 0.363432 0.539918 0.361543 0.542322 0.360221 0.616386 0.366643 0.620234 0.369855 0.619272 0.373066 0.605806 0.376466 0.604363 0.378544 0.615425 0.384966 0.619753 0.384210 0.601958 0.376277 0.581278 0.369477 0.586087 0.365132 0.588011 0.366455 0.566850 0.370232 0.550498 0.371366 0.518756 0.355688 0.454311 0.352855 0.454792 0.344543 0.458159 0.343032 0.455754 0.337743 0.450464 0.336232 0.451425 0.335288 0.458640 0.332077 0.457678 0.324332 0.454311 0.324332 0.453349 0.322443 0.449502 0.319232 0.451906 0.317154 0.462968 0.314699 0.466815 0.317154 0.478358 0.317343 0.483167 0.315832 0.498557 0.315832 0.505290 0.312621 0.508657 0.304876 0.512985
0 0.352477 0.288388 0.358332 0.297526 0.360410 0.295121 0.364566 0.284060 0.362488 0.269632 0.359466 0.264342 0.356821 0.263861 0.353610 0.268670 0.352855 0.272517
0 0.350021 0.316283 0.344732 0.317725 0.345110 0.328306 0.346054 0.333115 0.345299 0.336963 0.347188 0.342734 0.349454 0.343215 0.352666 0.344177 0.354366 0.337925 0.352477 0.333115
0 0.340766 0.360529 0.341143 0.347543 0.346432 0.351872 0.347188 0.359567 0.347566 0.362933 0.349454 0.356681 0.352477 0.353796 0.355877 0.370628 0.356632 0.379766 0.357388 0.386980 0.356632 0.390347 0.354932 0.394675 0.354366 0.399484 0.356632 0.409103 0.358143 0.416317 0.359277 0.427860 0.358143 0.435555 0.351721 0.436997 0.348510 0.435555 0.343410 0.432188 0.343032 0.424012 0.346054 0.411508 0.347188 0.406218 0.349643 0.401889 0.350777 0.399484 0.350966 0.392270 0.347943 0.387461 0.347943 0.392270 0.346810 0.396599 0.343221 0.392751 0.343221 0.389385 0.343410 0.383133 0.342088 0.377842 0.341899 0.373033
0 0.359466 0.447097 0.362866 0.451425 0.372310 0.489419 0.377788 0.503367 0.373632 0.505290 0.370044 0.497114 0.367210 0.487977 0.365132 0.476434 0.363055 0.467777 0.361732 0.457678
0 0.380055 0.562041 0.382321 0.470663 0.383077 0.465854 0.384210 0.464892 0.389121 0.457197 0.392521 0.453830 0.393844 0.457678 0.389310 0.472587 0.391388 0.471625 0.393466 0.468258 0.396299 0.459120 0.397810 0.466335 0.400077 0.462968 0.403666 0.456716 0.409899 0.455754 0.410466 0.463930 0.406310 0.470182 0.404988 0.474029 0.405555 0.483167 0.407066 0.491343 0.406877 0.495672 0.404233 0.499038 0.404044 0.502886 0.405933 0.505290 0.407255 0.505771 0.410088 0.506733 0.413299 0.510581 0.415377 0.512985 0.417077 0.521642 0.416511 0.531742 0.415566 0.549536 0.415188 0.561079 0.414055 0.576469 0.412733 0.587049 0.411033 0.597149 0.408388 0.602439 0.405555 0.600035 0.399699 0.603882 0.396299 0.602920 0.394221 0.598592 0.396299 0.586087 0.390821 0.593782 0.388555 0.594744 0.385910 0.589935 0.384399 0.588011 0.382888 0.586087 0.381755 0.579354 0.380621 0.567331
0 0.397999 0.425455 0.400455 0.434593 0.401399 0.440364 0.406310 0.448540 0.407444 0.445654 0.408766 0.440845 0.408388 0.431707 0.402910 0.425936 0.404044 0.414874 0.402910 0.403813 0.396110 0.401889 0.394977 0.410065 0.394977 0.415836
0 0.378544 0.423050 0.384021 0.416317 0.387799 0.421607 0.389499 0.412470 0.390444 0.403332 0.390821 0.389385 0.388555 0.389385 0.387044 0.394675 0.383833 0.396118 0.381755 0.397080 0.379488 0.401889 0.378166 0.402370 0.376655 0.404294
0 0.370232 0.298007 0.366077 0.291274 0.366077 0.283579 0.367399 0.271075 0.368532 0.268189 0.369477 0.271556 0.371366 0.275884 0.372499 0.275884 0.375332 0.272998 0.378355 0.271075 0.380244 0.273479 0.379299 0.283098 0.380244 0.287907 0.386288 0.288869 0.389877 0.291755 0.394221 0.292236 0.395733 0.290793 0.396110 0.307145 0.394788 0.310992 0.392710 0.311954 0.389121 0.313397 0.387988 0.317244 0.387044 0.323497 0.387421 0.324939 0.383455 0.327344 0.380432 0.326382 0.381188 0.314359 0.377977 0.308588 0.375144 0.304740
0 0.383077 0.369185 0.384399 0.358605 0.387421 0.345139 0.389499 0.346582 0.390821 0.353315 0.389877 0.365338 0.384966 0.369185
0 0.398188 0.344177 0.394033 0.347543 0.394033 0.356200 0.395733 0.361971 0.399888 0.365819 0.401210 0.361971 0.401399 0.356200
0 0.408766 0.498557 0.411788 0.509138 0.413488 0.508657 0.420099 0.508176 0.420288 0.516833 0.419722 0.521642 0.418777 0.529818 0.418588 0.542322 0.419155 0.550498 0.421233 0.555789 0.424444 0.556269 0.427844 0.551941 0.434644 0.556269 0.437666 0.554346 0.440500 0.563484 0.443522 0.568774 0.446922 0.564445 0.445789 0.561560 0.450700 0.553384 0.452966 0.549055 0.453344 0.542322 0.448622 0.536070 0.444466 0.526451 0.440122 0.515871 0.437666 0.509619 0.434833 0.504809 0.424633 0.499519 0.423311 0.497595 0.420477 0.492786 0.418211 0.494229 0.416133 0.496633 0.413677 0.497595 0.411222 0.498076
0 0.499433 0.477877 0.500756 0.481724 0.503778 0.483648 0.505667 0.483648 0.509633 0.482686 0.511145 0.484129 0.514167 0.487015 0.516433 0.487015 0.520400 0.487977 0.522857 0.485803 0.522224 0.480366 0.520168 0.478755 0.518507 0.476339 0.516372 0.476540 0.514315 0.473520 0.513366 0.473117 0.511547 0.473922 0.510361 0.474325 0.509254 0.475936 0.507988 0.478554 0.505536 0.479359 0.503243 0.478957
0 0.524043 0.490233 0.523332 0.495872 0.526258 0.498288 0.526337 0.496677 0.525862 0.492650
0 0.574388 0.408698 0.564640 0.403379 0.558837 0.412243 0.551178 0.417562 0.548393 0.424062 0.542590 0.432336 0.537948 0.448883 0.540734 0.451837 0.539805 0.466020 0.539573 0.473112 0.539341 0.483749 0.539341 0.493795 0.539341 0.502068 0.539573 0.514478 0.539341 0.526888 0.539341 0.535753 0.545144 0.535753 0.544911 0.544026 0.545376 0.551117 0.547465 0.560573 0.550250 0.559391 0.553267 0.561164 0.555124 0.566482 0.554892 0.572983 0.556516 0.577710 0.559070 0.580074 0.561855 0.576529 0.562319 0.566482 0.559998 0.557618 0.558837 0.545799 0.559766 0.538117 0.561391 0.531616 0.565104 0.532798 0.566961 0.535753 0.570675 0.539889 0.572763 0.550527 0.575549 0.557027 0.579494 0.560573 0.583208 0.559391 0.585065 0.554663 0.588546 0.544617 0.589707 0.541071 0.593188 0.532207 0.596902 0.527479 0.601776 0.522752 0.605025 0.520979 0.608507 0.523934 0.607114 0.532798 0.605954 0.535753 0.607811 0.541071 0.610596 0.542253 0.613149 0.541662 0.615934 0.540480 0.618023 0.537526 0.621505 0.538117 0.623593 0.540480 0.625682 0.532207 0.623593 0.523934 0.621505 0.513296 0.627307 0.516251 0.630324 0.535753 0.633806 0.542253 0.634734 0.546390 0.631253 0.557027 0.631949 0.568846 0.633806 0.568846 0.638912 0.567664 0.641233 0.568255 0.639376 0.577119 0.637519 0.581256 0.637752 0.589529 0.641929 0.589529 0.647036 0.597212 0.655159 0.593666 0.656320 0.572983 0.653767 0.563528 0.649821 0.551708 0.647964 0.539298 0.663747 0.535162 0.670246 0.535162 0.680690 0.532798 0.688582 0.533389 0.689742 0.525706 0.689742 0.507387 0.689278 0.497932 0.691831 0.492613 0.689742 0.478430 0.694384 0.496159 0.698794 0.491431 0.695312 0.476066 0.698794 0.474884 0.705061 0.478430 0.702508 0.369104 0.699258 0.344875 0.703204 0.333647 0.705061 0.316509 0.702740 0.307054 0.699026 0.305872 0.700187 0.273369 0.708310 0.275733 0.708078 0.303508 0.715505 0.513887 0.721540 0.502068 0.723397 0.493795 0.725950 0.492613 0.735234 0.497341 0.741965 0.482567 0.744750 0.474884 0.742197 0.500886 0.737091 0.503250 0.740340 0.515069 0.744750 0.520388 0.749160 0.525706 0.752641 0.528070 0.751713 0.503841 0.752177 0.496750 0.755659 0.497341 0.761925 0.490840 0.766799 0.489067 0.765407 0.500886 0.760301 0.506205 0.758212 0.513296 0.757980 0.526297 0.757980 0.529252 0.764478 0.512115 0.765639 0.516251 0.766335 0.531025 0.770281 0.533980 0.777012 0.538707 0.774923 0.588939 0.780958 0.589529 0.790938 0.567073 0.796972 0.549936 0.801382 0.544617 0.803703 0.557027 0.812755 0.573574 0.817862 0.567664 0.828538 0.571801 0.833412 0.593075 0.836894 0.593075 0.836430 0.580665 0.841304 0.570619 0.854069 0.575938 0.863353 0.581256 0.862425 0.561755 0.845481 0.556436 0.842232 0.532798 0.849427 0.525706 0.840143 0.509751 0.839215 0.489067 0.835037 0.368513 0.866835 0.372059 0.873334 0.462474 0.875655 0.492613 0.872405 0.506796 0.869388 0.518024 0.875422 0.518024 0.878672 0.541662 0.872405 0.549345 0.871709 0.570028 0.890973 0.573574 0.909541 0.580665 0.917200 0.577119 0.933680 0.575347 0.948070 0.588348 0.966870 0.605485 0.974761 0.605485 0.974761 0.605485 0.975226 0.055307 0.971280 0.048807 0.969655 0.043488 0.974065 0.038170 0.968959 0.026351 0.966406 0.026351 0.966406 0.015713 0.951087 0.006849 0.945285 0.011577 0.932983 0.012168 0.911862 0.016895 0.898632 0.018668 0.883082 0.020441 0.903971 0.004485 0.803471 0.001531 0.795348 0.008622 0.792098 0.013941 0.793259 0.023987 0.796972 0.039943 0.801150 0.056489 0.794419 0.070081 0.785367 0.075991 0.768192 0.078946 0.782350 0.069490 0.789545 0.052353 0.780029 0.044670 0.777940 0.045261 0.773298 0.044079 0.775851 0.032851 0.780958 0.023987 0.779101 0.016895 0.780493 0.003303 0.782118 0.001531 0.692759 0.000349 0.687421 0.006258 0.685100 0.030487 0.679762 0.038761 0.678369 0.033442 0.677673 0.022805 0.673263 0.012759 0.665139 0.020441 0.658176 0.023396 0.653534 0.045852 0.652142 0.058853 0.652606 0.067717 0.657480 0.064172 0.665604 0.061217 0.668621 0.054716 0.671638 0.058262 0.676280 0.064763 0.679994 0.068308 0.681154 0.075400 0.679762 0.088401 0.676280 0.113812 0.672102 0.135086 0.665836 0.139223 0.659801 0.147496 0.653767 0.154588 0.650517 0.149860 0.650053 0.122676 0.649589 0.107902 0.648196 0.091946 0.644715 0.094901 0.640073 0.099038 0.632877 0.100220 0.628932 0.107902 0.625914 0.114403 0.616863 0.139223 0.614774 0.153406 0.615238 0.158133 0.619880 0.164043 0.618487 0.178817 0.614542 0.184726 0.612453 0.198318 0.611292 0.207773 0.612685 0.216047 0.617327 0.216638 0.621737 0.212501 0.630092 0.211910 0.641001 0.221956 0.656320 0.222547 0.648892 0.230821 0.649357 0.240276 0.651213 0.246776 0.650285 0.258595 0.651910 0.271596 0.656552 0.286961 0.662354 0.299962 0.663515 0.308236 0.660962 0.319464 0.661890 0.330101 0.667925 0.346057 0.671174 0.340738 0.675352 0.336010 0.670014 0.357285 0.666300 0.371468 0.661658 0.362012 0.660265 0.350193 0.651910 0.346057 0.649821 0.341920 0.649589 0.329510 0.644250 0.325964 0.640073 0.324782 0.633574 0.330101 0.621505 0.334237 0.604793 0.351375 0.600848 0.354921 0.597134 0.362012 0.592260 0.369104 0.590867 0.373831 0.587618 0.382105 0.582047 0.390969
