0 0.000192 0.828341 0.010438 0.819700 0.026447 0.815380 0.043737 0.826901 0.067431 0.839862 0.082800 0.849942 0.100090 0.872984 0.101370 0.883065 0.095607 0.910426 0.088563 0.917627 0.066150 0.926267 0.053343 0.940668 0.032851 0.963710 0.012999 0.978111 0.000192 0.986751
0 0.352964 0.476631 0.350827 0.491919 0.353352 0.498908 0.354906 0.498034 0.354906 0.484930 0.355878 0.475321 0.354906 0.473136
0 0.359762 0.481873 0.358014 0.494103 0.364035 0.501092 0.365589 0.500655 0.366949 0.508518 0.366755 0.513759 0.369280 0.520748 0.377632 0.514196 0.376272 0.503713 0.372776 0.493666 0.371999 0.488861 0.369474 0.484930 0.367143 0.490172 0.365589 0.490609 0.362287 0.487551
0 0.415508 0.567923 0.416285 0.576659 0.425802 0.585395 0.429687 0.582775 0.430658 0.567923 0.428716 0.563992 0.422889 0.566176
0 0.399775 0.377913 0.400357 0.395385 0.395890 0.394075 0.390646 0.399316 0.392200 0.415478 0.393948 0.432950 0.398027 0.442123 0.401911 0.450423 0.405796 0.452607 0.408127 0.446928 0.407544 0.440813 0.405019 0.434261 0.405019 0.429456 0.405213 0.418099 0.405019 0.414168 0.406961 0.401064 0.406379 0.393201 0.407350 0.381407 0.408904 0.377039 0.408515 0.372234 0.404048 0.372234
0 0.396667 0.356073 0.400163 0.356073 0.403854 0.342095 0.406961 0.353452 0.410069 0.363935 0.412594 0.374419 0.415508 0.376603 0.416673 0.371361 0.419587 0.358257 0.418810 0.342969 0.415896 0.335106 0.407544 0.331612 0.406379 0.328117 0.403271 0.320691 0.398998 0.317634 0.398221 0.323749 0.398221 0.333359 0.395696 0.347337 0.393559 0.354762
0 0.402882 0.245124 0.400357 0.259102 0.401134 0.270459 0.402106 0.279632 0.404825 0.291862 0.407738 0.293610 0.410069 0.291862 0.412206 0.280505 0.412400 0.273080 0.412983 0.265217 0.411040 0.256918 0.408321 0.249492
0 0.408904 0.295794 0.409875 0.305403 0.410652 0.307587 0.413954 0.312829 0.415119 0.310208 0.414148 0.300162 0.410846 0.295357
0 0.428327 0.301909 0.427939 0.311519 0.428716 0.320255 0.432600 0.330301 0.433572 0.330301 0.434349 0.327244 0.435708 0.318944 0.435514 0.311082 0.434543 0.307587 0.432406 0.304093 0.430658 0.299725
0 0.415702 0.199260 0.417839 0.200133 0.418810 0.203191 0.418615 0.211927 0.419781 0.221537 0.421335 0.228962 0.421335 0.234641 0.422112 0.242503 0.424054 0.251676 0.421723 0.259539 0.420558 0.267838 0.417450 0.272206 0.416285 0.268275 0.414731 0.259102 0.414342 0.251239 0.412788 0.242503 0.410263 0.233767 0.409098 0.224594 0.410652 0.218479 0.414148 0.218479 0.412594 0.216295 0.412011 0.205375
0 0.429687 0.182661 0.425996 0.194455 0.428521 0.201444 0.431629 0.205375 0.434931 0.206685 0.441924 0.214111 0.443672 0.212364 0.445808 0.198386 0.443478 0.195328 0.439787 0.190087 0.436874 0.186592
0 0.425219 0.205375 0.423083 0.211490 0.425025 0.222847 0.426579 0.225468 0.431047 0.224158 0.433377 0.222847 0.432212 0.218042 0.430464 0.210617
0 0.441341 0.230273 0.441924 0.238135 0.440758 0.249492 0.439787 0.253423 0.441147 0.264344 0.443866 0.266528 0.446780 0.267401 0.444255 0.249929 0.443283 0.246435 0.444643 0.244687 0.446585 0.238572 0.447945 0.228526 0.445808 0.225031 0.442895 0.226778
0 0.440564 0.277885 0.438427 0.283126 0.439593 0.291862 0.441147 0.302782 0.444837 0.310208 0.448916 0.309335 0.446974 0.300598 0.446974 0.289241 0.444643 0.281379
0 0.443478 0.331612 0.445614 0.344279 0.450470 0.344716 0.451441 0.337727 0.451635 0.332922 0.448722 0.328991 0.447168 0.327680
0 0.432989 0.354762 0.432212 0.362188 0.434737 0.363935 0.436874 0.356073
0 0.452412 0.276574 0.447362 0.283563 0.451441 0.293610 0.455326 0.299725 0.457074 0.294920 0.458822 0.290552 0.460570 0.288805 0.463872 0.286184 0.466592 0.289678 0.471059 0.299725 0.475138 0.304530 0.475526 0.297541 0.475332 0.283563 0.475721 0.272643 0.475721 0.259976 0.474555 0.246871 0.473196 0.243814 0.471253 0.249492 0.469894 0.258228 0.467951 0.260849 0.465426 0.260849 0.459405 0.270459 0.459793 0.274827
0 0.455909 0.313266 0.459405 0.305840 0.462901 0.303219 0.464455 0.303219 0.466397 0.306714 0.471447 0.307587 0.469505 0.317634 0.468922 0.323312 0.465038 0.325496 0.460570 0.322002 0.457657 0.316323
0 0.452024 0.317197 0.451441 0.328117 0.456103 0.329864 0.458822 0.327244 0.457268 0.321128
0 0.454937 0.341221 0.452995 0.348647 0.453578 0.354762 0.455714 0.362625 0.458434 0.369614 0.461930 0.371798 0.462901 0.367866 0.462124 0.360004 0.462124 0.353452 0.460376 0.346026 0.456880 0.341658
0 0.443478 0.354762 0.440564 0.369177 0.441535 0.376166 0.444643 0.377476 0.448528 0.373545 0.454161 0.367430 0.453384 0.365246 0.448722 0.362188 0.446197 0.360441 0.445031 0.357383
0 0.476692 0.308024 0.479023 0.301472 0.480382 0.298414 0.481353 0.297541 0.482907 0.299725 0.485044 0.303219 0.485821 0.315013 0.487957 0.319818 0.487569 0.315450 0.487180 0.306714 0.486598 0.296667 0.486792 0.294483 0.488929 0.285310 0.490482 0.284437 0.492425 0.293610 0.494561 0.298851 0.495338 0.305403 0.493396 0.319818 0.491065 0.324623 0.486986 0.330301 0.484461 0.334232 0.480576 0.346026 0.473390 0.353452 0.472807 0.349957 0.473196 0.338600 0.475526 0.329428 0.477663 0.326807 0.479605 0.322439 0.478440 0.315887
0 0.448916 0.458285 0.451635 0.451733 0.457268 0.451296 0.459211 0.446491 0.458045 0.442997 0.455714 0.441250 0.452024 0.441687 0.450276 0.440813 0.445226 0.439502 0.444255 0.440813 0.444643 0.446491 0.446391 0.450859
0 0.443283 0.405432 0.445226 0.411984 0.449693 0.421157 0.453189 0.425088 0.457851 0.429893 0.459988 0.429893 0.462901 0.429019 0.464455 0.426835 0.463290 0.421593 0.461541 0.414605 0.459599 0.407616 0.457268 0.407179 0.454355 0.409363 0.452218 0.408926 0.450276 0.405868 0.445031 0.402811
0 0.474944 0.535163 0.481936 0.537784 0.484073 0.543025 0.487375 0.545209 0.489123 0.536473 0.490288 0.517691 0.488152 0.509391 0.488540 0.494103 0.488346 0.488861 0.488152 0.476631 0.487180 0.468332 0.484655 0.466148 0.483878 0.455664 0.483490 0.435571 0.483490 0.422904 0.486209 0.424651 0.488152 0.433824 0.490288 0.444744 0.491259 0.458722 0.492425 0.476631 0.492619 0.491482 0.492813 0.508518 0.493202 0.526864 0.493979 0.537784 0.495533 0.539968 0.496698 0.547393 0.493202 0.552198 0.484267 0.554382 0.483684 0.549577 0.482519 0.545646 0.479605 0.544773 0.476303 0.539531
0 0.500388 0.543899 0.497863 0.538220 0.499223 0.527300 0.500388 0.522495 0.502914 0.515943 0.505827 0.519438 0.508741 0.521185 0.509129 0.534289 0.508741 0.536473 0.503108 0.540841
0 0.515627 0.470383 0.512187 0.480329 0.511106 0.485634 0.511892 0.490496 0.513858 0.489833 0.516118 0.490054 0.519853 0.492264 0.520836 0.491822 0.521032 0.497127 0.520541 0.500442 0.517494 0.502873 0.516610 0.506631 0.517396 0.509283 0.520541 0.510388 0.521622 0.503315 0.522801 0.499337 0.524472 0.499558 0.527126 0.500000 0.531057 0.496022 0.533219 0.489391 0.533121 0.480992 0.531843 0.472372 0.527126 0.467289 0.524079 0.467068 0.522212 0.467068 0.519362 0.467952
0 0.517691 0.518787 0.516413 0.519892 0.516315 0.524533 0.518575 0.526744 0.519853 0.528512 0.522310 0.528291 0.524865 0.526965 0.525946 0.524975 0.526929 0.521218 0.526929 0.518345 0.525750 0.516577 0.523981 0.517682 0.522408 0.518345 0.520541 0.518345 0.519067 0.518345
0 0.570370 0.440766 0.567323 0.452922 0.569387 0.457122 0.569485 0.460879 0.569682 0.464637 0.568503 0.464858 0.567028 0.467068 0.566144 0.471267 0.567323 0.473698 0.568109 0.475909 0.567815 0.478561 0.566930 0.478340 0.566340 0.486960 0.568109 0.488949 0.568601 0.490054 0.568699 0.494474 0.568601 0.498453 0.568208 0.503757 0.567815 0.509504 0.567618 0.516798 0.568306 0.521218 0.569584 0.522544 0.570370 0.518566 0.571156 0.516135 0.571844 0.506189 0.573220 0.503536 0.574006 0.500442 0.574006 0.494695 0.572630 0.493148 0.571451 0.491159 0.570468 0.490054 0.570566 0.482318 0.570861 0.477456 0.572827 0.480771 0.574399 0.478782 0.574694 0.472814 0.573810 0.465079 0.573024 0.459553 0.572925 0.453364 0.573417 0.449607 0.574498 0.448723 0.575382 0.442755 0.574399 0.442092 0.572532 0.445408 0.571942 0.445408 0.572139 0.440324
0 0.567323 0.526081 0.569977 0.524091 0.573908 0.521439 0.574006 0.524091 0.573122 0.532269 0.573417 0.538679 0.572434 0.539784 0.569485 0.536469 0.568208 0.536026 0.567815 0.529838
0 0.726604 0.686569 0.727001 0.663304 0.731378 0.654356 0.742122 0.649881 0.752865 0.649881 0.764404 0.649881 0.765200 0.614089 0.768781 0.607825 0.777137 0.614089 0.789472 0.604246 0.799021 0.597982 0.806979 0.595298 0.814141 0.596193 0.819712 0.570243 0.826078 0.573822 0.828466 0.573822 0.835230 0.573822 0.847565 0.579191 0.868654 0.588139 0.885365 0.595298 0.909239 0.605141 0.961762 0.607825 0.964945 0.635564 0.956191 0.637354 0.948233 0.679410 0.941867 0.680305 0.917197 0.663304 0.880988 0.644513 0.878203 0.657935 0.884172 0.662409 0.893323 0.669567 0.879795 0.690148 0.869449 0.706255 0.865868 0.724151 0.872235 0.732204 0.889742 0.723256 0.897302 0.720572 0.925553 0.733994 0.937888 0.734889 0.948233 0.740258 0.958181 0.759049 0.963353 0.767102 0.963751 0.810948 0.925553 0.819001 0.914810 0.793052 0.907250 0.804684 0.908841 0.851215 0.915208 0.867321 0.937490 0.868216 0.963353 0.867321 0.960966 0.931748 0.911627 0.885218 0.891732 0.861058 0.865470 0.832424 0.846769 0.813632 0.826874 0.796631 0.802602 0.770681 0.784697 0.757259 0.766393 0.736678 0.741724 0.712518
0 0.787957 0.567167 0.788492 0.602708 0.803225 0.594877 0.815011 0.593069 0.819565 0.570781
0 0.761706 0.560540 0.726615 0.552709 0.730365 0.566564 0.730365 0.584034 0.746705 0.596081 0.761170 0.595479 0.765456 0.593069 0.757688 0.586443 0.756081 0.581624
0 0.702239 0.553914 0.712150 0.555721 0.716168 0.549095 0.710543 0.544878 0.699829 0.543071 0.687775 0.535240 0.675185 0.532830 0.663667 0.531023 0.656702 0.532228 0.655095 0.536445 0.657238 0.547890 0.659381 0.559336 0.644648 0.555119 0.639291 0.549095 0.635541 0.543673 0.630719 0.541866 0.628576 0.547890 0.623754 0.543071 0.621611 0.539457 0.611700 0.531023 0.609022 0.532228 0.600986 0.529818 0.598575 0.534638 0.598307 0.545481 0.600182 0.558733 0.606879 0.570179 0.614915 0.577407 0.623219 0.583431 0.628844 0.589455 0.635808 0.600901 0.646791 0.612948 0.655363 0.620779 0.663399 0.626803 0.672238 0.636442 0.682417 0.641261 0.688846 0.644875 0.689382 0.635839 0.689650 0.625599 0.695275 0.618972 0.695811 0.612948 0.696882 0.584034 0.696882 0.565359 0.695811 0.554516
