0 0.786139 0.706296 0.808369 0.712595 0.845209 0.715745 0.872520 0.720469 0.904914 0.720469 0.939212 0.714170 0.986214 0.714170 0.997647 0.704721 0.999552 0.788184 0.960808 0.781885 0.888399 0.761413 0.834411 0.750390 0.812816 0.739366 0.788680 0.736217
0 0.791855 0.265358 0.798207 0.241736 0.809640 0.222839 0.815356 0.196068 0.826154 0.161423 0.836316 0.153549 0.845209 0.169297 0.846479 0.222839 0.850290 0.241736 0.861723 0.248035 0.876967 0.244886 0.904914 0.235437 0.915711 0.259059 0.931590 0.317326 0.933496 0.336223 0.923968 0.366144 0.939847 0.437009 0.946834 0.470079 0.957632 0.484252 0.966524 0.562991 0.944293 0.592912 0.923333 0.588188 0.885859 0.589762 0.861723 0.599211 0.844574 0.586613 0.824884 0.581888 0.816627 0.591337 0.807099 0.599211 0.792491 0.597636 0.783598 0.574015 0.781693 0.556692 0.774071 0.537795 0.765179 0.534645 0.751840 0.529921 0.733421 0.545669 0.714366 0.559842 0.710555 0.585038 0.713731 0.591337 0.723258 0.605510 0.730880 0.586613 0.729610 0.608660 0.725164 0.613384 0.717542 0.619683 0.718812 0.663777 0.702298 0.671651 0.687606 0.661156 0.687861 0.625765 0.675116 0.616285 0.669508 0.606805 0.670782 0.596061 0.677155 0.588478 0.681488 0.575838 0.679959 0.557510 0.669763 0.548663 0.667724 0.537919 0.663390 0.523383 0.656508 0.517064 0.655743 0.504424 0.652430 0.507584 0.651410 0.450073 0.656253 0.448809 0.657018 0.433010 0.655488 0.421002 0.648861 0.412154 0.641724 0.408362 0.637900 0.414050 0.635861 0.426690 0.635606 0.433010 0.635351 0.446913 0.639175 0.455129 0.645293 0.463345 0.644783 0.483568 0.644018 0.522119 0.639685 0.527175 0.634332 0.539183 0.627959 0.548663 0.624391 0.548031 0.620822 0.519591 0.617254 0.506952 0.616234 0.495576 0.621842 0.490520 0.635351 0.478513 0.638920 0.468401 0.634077 0.451969 0.632802 0.446281 0.621332 0.435538 0.619293 0.424794 0.617763 0.415946 0.620312 0.406466 0.626175 0.407730 0.648851 0.361789 0.661897 0.323561 0.648851 0.310818 0.648455 0.283372 0.652014 0.272589 0.659130 0.282391 0.664270 0.285332 0.668618 0.282391 0.680874 0.269648 0.689177 0.267688 0.691944 0.276510 0.695107 0.276510 0.699851 0.271609 0.700247 0.259846 0.703410 0.244163 0.710131 0.240242 0.716061 0.225539 0.719224 0.216717 0.727921 0.205934 0.733456 0.202013 0.744526 0.205934 0.750457 0.208875 0.758759 0.222598 0.759550 0.240242 0.750061 0.245143 0.739387 0.261807 0.747689 0.286312 0.757178 0.270629 0.758759 0.264747 0.770224 0.278470 0.779317 0.296114 0.782085 0.292194 0.791969 0.293174 0.794736 0.293174
0 0.748089 0.571207 0.741324 0.574562 0.740094 0.588895 0.736650 0.593774 0.737265 0.601093 0.745260 0.609632 0.749688 0.603533
0 0.758298 0.571817 0.759159 0.596519 0.772320 0.593774 0.773304 0.581881 0.772689 0.573952 0.767031 0.572732 0.763341 0.574867 0.761496 0.569378
0 0.590138 0.563346 0.595181 0.555845 0.600392 0.548343 0.605770 0.546676 0.612662 0.551677 0.616024 0.557095 0.618293 0.566680 0.621319 0.585226 0.623084 0.599396 0.623336 0.607314 0.621487 0.607105 0.617621 0.603771 0.615520 0.591686 0.613671 0.589185 0.611906 0.594394 0.611570 0.599187 0.610645 0.602938 0.604846 0.605022 0.600644 0.606064 0.599635 0.596270 0.598374 0.590852 0.595937 0.595436 0.594845 0.605647 0.593836 0.612315 0.586020 0.612315 0.583330 0.610231 0.581650 0.603563 0.581481 0.597728 0.586524 0.594603 0.589130 0.592727 0.590642 0.583559 0.590306 0.575015
0 0.539490 0.488652 0.533635 0.489180 0.532465 0.494986 0.534487 0.496041 0.539916 0.497097 0.540661 0.544072 0.523524 0.541961 0.523311 0.559643 0.522885 0.617174 0.515008 0.615854 0.509686 0.614007 0.505961 0.603979 0.505322 0.603979 0.504258 0.609785 0.500426 0.610048 0.497233 0.607673 0.495210 0.603451 0.494891 0.575477 0.494465 0.571518 0.491804 0.573893 0.487333 0.578644 0.482650 0.579435 0.481905 0.570463 0.482650 0.558587 0.488824 0.559906 0.494784 0.556740 0.494678 0.553309 0.490207 0.552517 0.489037 0.547239 0.489569 0.545392 0.492017 0.541169 0.492975 0.537475 0.489782 0.538002 0.486695 0.544600 0.483182 0.545919 0.483395 0.535627 0.484672 0.527974 0.485630 0.523224 0.488611 0.519529 0.488398 0.516890 0.489675 0.506862 0.491910 0.498153 0.494997 0.491555 0.497445 0.489972 0.499148 0.490499 0.503193 0.489180 0.508728 0.486541 0.512773 0.484430 0.516179 0.481791 0.519159 0.479943 0.525120 0.480471 0.527462 0.480471 0.532465 0.480735 0.535019 0.481791
0 0.468493 0.581283 0.467961 0.590783 0.471367 0.592631 0.469558 0.598701 0.469238 0.601340 0.470622 0.603451 0.474241 0.607145 0.476583 0.612424 0.478499 0.607409 0.477115 0.600548 0.477967 0.595006 0.478605 0.598701 0.478818 0.609257 0.481586 0.615063 0.484566 0.612951 0.484460 0.605826 0.482331 0.601340 0.481053 0.598173 0.481160 0.595270 0.484885 0.591311 0.490314 0.594478 0.492123 0.595798 0.489462 0.599756 0.487333 0.608993 0.490314 0.608729 0.493294 0.601340 0.494252 0.595534 0.494252 0.580227 0.491059 0.578644 0.483608 0.577852 0.479883 0.579435 0.473815 0.580755 0.469558 0.582075
0 0.428127 0.498386 0.426825 0.506862 0.434476 0.525428 0.429267 0.527446 0.426987 0.535922 0.430243 0.546820 0.433825 0.556507 0.438057 0.562157 0.440011 0.562561 0.441802 0.539555 0.445057 0.538747 0.447499 0.549242 0.444895 0.551260 0.443918 0.565790 0.443267 0.579109 0.448639 0.573459 0.452383 0.571037 0.455151 0.576284 0.460360 0.577091 0.464430 0.574266 0.467197 0.568212 0.470453 0.566194 0.473709 0.561754 0.476965 0.554085 0.478918 0.536729 0.477779 0.515741 0.474360 0.504440 0.472569 0.499193 0.461662 0.493138 0.456779 0.491524 0.451895 0.494349 0.438057 0.487488 0.435778 0.499596
0 0.348033 0.606959 0.359428 0.605748 0.362847 0.597676 0.363335 0.569423 0.363661 0.560543 0.366591 0.556910 0.369847 0.558525 0.371801 0.567404 0.374243 0.573459 0.377336 0.565386 0.379126 0.541976 0.377336 0.527850 0.371312 0.518970 0.363173 0.521795 0.356335 0.525024 0.348521 0.535115 0.344940 0.544398 0.343638 0.557314 0.344289 0.570633 0.345591 0.589604
0 0.051329 0.650436 0.056447 0.668561 0.069788 0.664483 0.083312 0.660405 0.098846 0.665842 0.106705 0.664483 0.114929 0.655873 0.118219 0.642733 0.111639 0.641373 0.107984 0.640014 0.106705 0.635483 0.109446 0.609202 0.103415 0.601952 0.091536 0.592437 0.073991 0.596061 0.067960 0.601046 0.063026 0.603765 0.059553 0.605124 0.056812 0.612374 0.061198 0.617358 0.064122 0.618264 0.071067 0.623702 0.079291 0.626874 0.086419 0.629139 0.088429 0.628233 0.093181 0.640014 0.088795 0.645452 0.071616 0.646358 0.063209 0.647717
0 0.003812 0.685326 0.022636 0.676717 0.021723 0.669014 0.012219 0.661764 0.007467 0.664483 0.002168 0.664936
0 0.000523 0.322377 0.014778 0.332346 0.001985 0.455141
0 0.022819 0.342314 0.009843 0.463297 0.015326 0.467828 0.025561 0.344127
0 0.032505 0.356361 0.058091 0.361345 0.064671 0.361798 0.067595 0.349111 0.088246 0.355455 0.093364 0.350017 0.101771 0.349564 0.101953 0.371314 0.105791 0.393517 0.110543 0.401220 0.119315 0.405751 0.124067 0.400314 0.131012 0.396235 0.136312 0.399407 0.140332 0.437469 0.143257 0.465563 0.143805 0.476438 0.140150 0.484594 0.130646 0.489578 0.123153 0.494563 0.121143 0.495922 0.115112 0.527187 0.105608 0.543046 0.095009 0.540781 0.087698 0.532625 0.070336 0.538062 0.057726 0.530812 0.055533 0.518578 0.057726 0.484141 0.021174 0.474172 0.022271 0.463750 0.046760 0.471000 0.050416 0.453782 0.025561 0.447438
