0 0.117705 0.573734 0.153415 0.634455 0.168082 0.619998 0.175735 0.615660 0.187851 0.617106 0.196778 0.624335 0.206344 0.622889 0.215909 0.621443 0.229938 0.627226 0.249707 0.631564 0.284142 0.637347 0.286055 0.567950 0.289243 0.544818 0.289243 0.520241 0.288606 0.505783 0.283504 0.505783 0.277765 0.502892 0.271388 0.501446 0.267167 0.483805 0.259187 0.484680 0.253395 0.477969 0.252237 0.468923 0.253009 0.461336 0.254811 0.458126 0.258158 0.451706 0.261890 0.450539 0.261375 0.443244 0.257771 0.440618 0.257771 0.438283 0.258801 0.435074 0.265365 0.433615 0.269741 0.433615 0.275018 0.436241 0.280038 0.440326 0.282612 0.444995 0.285958 0.451123 0.287889 0.462503 0.293166 0.472716 0.295225 0.482054 0.299859 0.470966 0.302691 0.467172 0.306166 0.478552 0.310156 0.478844 0.311957 0.470966 0.312730 0.460169 0.312472 0.448497 0.312472 0.439159 0.315304 0.426903 0.314660 0.411438 0.311829 0.405018 0.308611 0.402100 0.301790 0.395388 0.298572 0.386634 0.295740 0.381674 0.292265 0.379631 0.290463 0.381965 0.281582 0.393929 0.279137 0.383424 0.274375 0.387801 0.272315 0.393638 0.271929 0.398015 0.260860 0.403267 0.252880 0.402683 0.249405 0.401808 0.250821 0.389260 0.251207 0.370293 0.249920 0.363290 0.248118 0.358037 0.245158 0.355995 0.236921 0.357746 0.222634 0.348992 0.220060 0.342864 0.218258 0.332942 0.218129 0.327982 0.217100 0.324772 0.209892 0.327106 0.206031 0.328273 0.201526 0.322437 0.198566 0.315726 0.195863 0.311057 0.193160 0.315726 0.188526 0.327690 0.183636 0.328857 0.183893 0.322146 0.178359 0.314559 0.174369 0.313100 0.167418 0.320395 0.164715 0.325647 0.164329 0.336444 0.165488 0.345490 0.166131 0.351326 0.165359 0.357746 0.162656 0.358329 0.159825 0.358621 0.158666 0.362123 0.161884 0.367083 0.160726 0.374087 0.158280 0.372044 0.154033 0.366792 0.153132 0.361539 0.151845 0.360080 0.148627 0.365333 0.147211 0.368251 0.145667 0.374378 0.145409 0.376421 0.142063 0.381674 0.135241 0.398015 0.136786 0.407352 0.136528 0.417274 0.135499 0.424277 0.135315 0.455038 0.136417 0.462032 0.131789 0.467028 0.125840 0.466528 0.120331 0.473522 0.109313 0.497003 0.107550 0.509492 0.114381 0.515987 0.121432 0.522481 0.117907 0.535470 0.113500 0.538967 0.110635 0.542964 0.109533 0.554454
0 0.316666 0.468027 0.313581 0.484513 0.310055 0.491008 0.304767 0.501998 0.302343 0.515987 0.300360 0.530974 0.297495 0.540466 0.299258 0.555453 0.300800 0.566444 0.303224 0.590924 0.305648 0.597918 0.308953 0.595420 0.312920 0.596919 0.316886 0.603413 0.319310 0.603913 0.324158 0.602914 0.326582 0.602414 0.332311 0.598417 0.335175 0.593422 0.341125 0.587926 0.343329 0.599916 0.347295 0.606411 0.348617 0.615403 0.353906 0.613904 0.358092 0.613904 0.359855 0.616402 0.363381 0.619899 0.372195 0.623396 0.372636 0.624396 0.374398 0.631889 0.377043 0.634387 0.380128 0.635386 0.384755 0.638384 0.390264 0.640382 0.397536 0.639882 0.402604 0.638384 0.408553 0.641381 0.414062 0.643879 0.418690 0.643879 0.423317 0.644379 0.426622 0.637884 0.428826 0.633888 0.428826 0.618401 0.429487 0.600416 0.429487 0.591923 0.429487 0.584429 0.427944 0.582431 0.426182 0.585428 0.424639 0.587427 0.421774 0.586427 0.420232 0.581432 0.418469 0.581432 0.416045 0.579933 0.413621 0.566944 0.414723 0.565445 0.416940 0.565917 0.416940 0.560522 0.415602 0.559848 0.417386 0.557825 0.419171 0.557825 0.424050 0.560634 0.428020 0.566935 0.430459 0.576452 0.431991 0.584682 0.431367 0.600242 0.430380 0.637246 0.430941 0.640267 0.435922 0.643766 0.449109 0.647901 0.451932 0.653007 0.461974 0.654011 0.465961 0.654011 0.471572 0.657694 0.477479 0.654681 0.481319 0.649658 0.478956 0.639279 0.480138 0.633253 0.478513 0.625218 0.478513 0.614504 0.475412 0.607473 0.474231 0.602786 0.470982 0.596759 0.468028 0.587384 0.461235 0.579684 0.465222 0.578010 0.464927 0.567966 0.456214 0.561270 0.461235 0.556917 0.456067 0.548882 0.453261 0.547543 0.454737 0.534820 0.451193 0.522767 0.446763 0.516740 0.439822 0.511383 0.433767 0.509375 0.428599 0.513057 0.418409 0.513392 0.414422 0.510044 0.411173 0.509709 0.404380 0.515401 0.398178 0.514062 0.394043 0.508705 0.391828 0.505022 0.385921 0.499330 0.380604 0.486273 0.376469 0.479912 0.372187 0.477903 0.367166 0.474555 0.364655 0.476898 0.360077 0.484934 0.358305 0.493973 0.354318 0.492299 0.355795 0.485938 0.355942 0.477903 0.355942 0.466854 0.353137 0.453797 0.348854 0.447101 0.343538 0.443753 0.337631 0.442748 0.332167 0.441074 0.327884 0.438730 0.322568 0.437726 0.320500 0.440404 0.317842 0.450114
0 0.457433 0.673695 0.457297 0.677419 0.458528 0.684401 0.461266 0.685797 0.461403 0.671833
0 0.463935 0.665937 0.463524 0.684246 0.469683 0.682229 0.470162 0.668575
0 0.471736 0.668265 0.472079 0.680367 0.477964 0.676798 0.478375 0.667489 0.472489 0.667954
0 0.480291 0.667644 0.480428 0.675402 0.482412 0.675867 0.483233 0.663920
0 0.484534 0.665317 0.484739 0.676333 0.494251 0.670902 0.495483 0.666093 0.496578 0.662369 0.493430 0.664231 0.489598 0.665007
0 0.540249 0.461174 0.542862 0.478503 0.542475 0.487935 0.542765 0.496052 0.543539 0.500877 0.544119 0.501755 0.545280 0.502413 0.545764 0.564710 0.544410 0.564929 0.543539 0.579626 0.544216 0.593226 0.542756 0.601175 0.539415 0.600872 0.538614 0.614504 0.543195 0.633923 0.544303 0.640200 0.541534 0.641456 0.536919 0.642293 0.537842 0.620949 0.535811 0.618438 0.534888 0.642711 0.532673 0.640619 0.530089 0.634341 0.528797 0.624297 0.530089 0.611323 0.529904 0.605883 0.526582 0.600442 0.527135 0.595420 0.531012 0.598349 0.534335 0.589979 0.523997 0.585376 0.519567 0.584120 0.514768 0.577424 0.514214 0.568635 0.514398 0.564032 0.516429 0.561939 0.514952 0.557336 0.516060 0.554825 0.519013 0.553569 0.520121 0.553151 0.523997 0.546454 0.523997 0.542269 0.519013 0.536829 0.512922 0.533481 0.510337 0.530970 0.510337 0.525529 0.512922 0.522599 0.511999 0.512555 0.510891 0.508789 0.514029 0.509207 0.517536 0.515485 0.521598 0.517996 0.522705 0.517996 0.523259 0.517996 0.523259 0.515903 0.522890 0.511300 0.521598 0.504604 0.518829 0.494559 0.519198 0.492467 0.527689 0.496652 0.528612 0.496652 0.526028 0.487863 0.523074 0.478656 0.522521 0.476145 0.521413 0.473215 0.526028 0.477819 0.528058 0.479075 0.530273 0.476982 0.535811 0.470704 0.538949 0.474890
0 0.544672 0.448524 0.540611 0.454801 0.545041 0.479075
0 0.549287 0.473634 0.548733 0.498744 0.549287 0.530551 0.549841 0.584120 0.551686 0.588305 0.550025 0.589979 0.549841 0.595838 0.552240 0.597931 0.552794 0.600442 0.555194 0.605046 0.559070 0.611323 0.561839 0.613834 0.564793 0.612997 0.560362 0.607138 0.560178 0.602116 0.566269 0.601697 0.570330 0.600023 0.576607 0.602953 0.579929 0.603372 0.582698 0.599605 0.581406 0.597094 0.586021 0.594164 0.589344 0.599186 0.590451 0.595001 0.587498 0.594583 0.592113 0.589979 0.596174 0.584539 0.587498 0.584957 0.588605 0.572820 0.591559 0.565706 0.593036 0.556499 0.583990 0.553569 0.587129 0.548128 0.591005 0.540595 0.586575 0.536829 0.583990 0.533062 0.578637 0.526785 0.579560 0.518414 0.588236 0.514648 0.588236 0.509626 0.583621 0.496233 0.579191 0.496652 0.572546 0.503767 0.573653 0.494141 0.565716 0.487445 0.563685 0.484515 0.564423 0.482004 0.563685 0.470286 0.559624 0.468193 0.558516 0.477401 0.555932 0.478656 0.554640 0.474052 0.553717 0.469867 0.550948 0.471541
0 0.744848 0.692068 0.749364 0.692887 0.753699 0.701078 0.757131 0.703945 0.760022 0.705992 0.766886 0.704354 0.768331 0.700259 0.767427 0.692068 0.758757 0.692887 0.758757 0.693706 0.763454 0.683878 0.763454 0.670363 0.755867 0.677735 0.756048 0.670773 0.752074 0.669544 0.749906 0.674868 0.750267 0.681421 0.749545 0.687563
0 0.784407 0.708040 0.784226 0.716640 0.786033 0.720735 0.792174 0.725240 0.797413 0.727288 0.803735 0.729335 0.811502 0.727288 0.819450 0.723602 0.822340 0.720735 0.820714 0.710087 0.816740 0.703126 0.813670 0.705173 0.804277 0.714183 0.798858 0.714183 0.796509 0.713364 0.789284 0.711726
