0 0.237166 0.813522 0.215289 0.821095 0.214003 0.769599 0.246173 0.746880 0.243600 0.786260
0 0.260328 0.783230 0.254538 0.765055 0.270623 0.751424 0.284778 0.709015 0.298290 0.722646 0.295073 0.754453 0.269336 0.778687
0 0.424652 0.501123 0.445397 0.516839 0.445158 0.502806 0.445158 0.485406 0.443251 0.482600 0.438959 0.484284 0.436098 0.485968 0.432044 0.485968 0.426798 0.494387
0 0.759588 0.593010 0.762045 0.638311 0.891020 0.675900 0.925004 0.669153 0.960626 0.673009 0.961035 0.629636 0.937287 0.610359 0.919272 0.593974 0.913130 0.585300 0.884469 0.573734 0.873414 0.571806 0.856217 0.571806 0.854579 0.598793 0.832879 0.602649 0.809950 0.593974 0.798895 0.593010 0.782517 0.592046 0.771462 0.591083
0 0.804627 0.423375 0.806265 0.453254 0.807493 0.460001 0.816910 0.460001 0.837383 0.460001 0.851304 0.455182 0.859083 0.440724 0.864816 0.419520 0.866863 0.404098 0.864816 0.387713 0.860312 0.370364 0.851304 0.359762 0.824281 0.356870 0.822233 0.342413 0.828375 0.327955 0.839430 0.312534 0.859493 0.306751 0.871367 0.306751 0.884059 0.303859 0.899618 0.291329 0.907807 0.282655 0.910673 0.259523 0.909855 0.244101 0.916406 0.234463 0.924595 0.215186 0.928280 0.182416 0.931146 0.171814 0.943838 0.166994 0.957760 0.154464 0.964720 0.140971 0.982326 0.129405 0.975366 0.142898 0.983555 0.155428 0.999595 0.157788 0.999114 0.061936 0.792753 0.066755 0.789887 0.082177 0.776375 0.089887 0.774328 0.105309 0.775557 0.132296 0.773919 0.153501 0.763273 0.171814 0.753447 0.179524 0.742801 0.195909 0.735021 0.209403 0.730927 0.215186 0.712911 0.221933 0.698581 0.229644 0.684250 0.246029 0.680156 0.260487 0.679337 0.276872 0.680156 0.282655 0.670739 0.285546 0.667872 0.295185 0.665825 0.309642 0.660502 0.329883 0.655589 0.354943 0.652314 0.366509 0.646991 0.380966 0.638392 0.387713 0.631432 0.395424 0.618739 0.441688 0.626928 0.446507 0.638392 0.447471 0.645353 0.460001 0.649038 0.473494 0.662550 0.463856 0.667054 0.460001 0.671967 0.452290 0.678518 0.439760 0.690392 0.436869 0.702266 0.419520 0.702675 0.408917 0.706360 0.392532 0.709636 0.370364 0.716596 0.375183 0.732974 0.372292 0.735021 0.360726 0.737888 0.405062 0.742391 0.420483 0.746076 0.429158 0.754265 0.433013 0.758769 0.433013 0.769005 0.431086 0.784155 0.428194 0.785793 0.411809 0.787021 0.431086
0 0.750990 0.443616 0.748943 0.475422 0.764502 0.505301 0.755084 0.517831 0.743620 0.517831 0.732565 0.504337 0.735021 0.472531 0.735431 0.459037 0.750580 0.431086
0 0.701856 0.443616 0.691620 0.460001 0.689164 0.483133 0.694896 0.501446 0.705951 0.513012 0.715778 0.518795 0.719053 0.511084 0.721919 0.484097 0.719463 0.474458 0.709226 0.472531 0.706770 0.457109
0 0.574110 0.384821 0.566740 0.394460 0.564283 0.423375 0.563873 0.432050 0.572881 0.434941 0.573291 0.444579 0.569606 0.461928 0.563464 0.474458 0.558960 0.469639 0.553637 0.486024 0.549133 0.490844 0.542992 0.497590 0.533574 0.508193 0.531527 0.521686 0.529889 0.531325 0.530708 0.546746 0.533165 0.550601 0.538078 0.550601 0.545039 0.548674 0.551590 0.546746 0.561826 0.539035 0.570834 0.531325 0.590487 0.531325 0.593353 0.529397 0.612597 0.498554 0.615873 0.490844 0.618330 0.465784 0.619149 0.447471 0.619149 0.424339 0.615054 0.399279 0.602771 0.375183 0.595401 0.378075 0.585983 0.380966 0.578613 0.383858
0 0.577141 0.565479 0.577761 0.581058 0.657797 0.607347 0.661520 0.597611 0.664622 0.586900 0.671860 0.576677 0.655315 0.576677 0.630498 0.576190 0.618710 0.571808 0.607128 0.573269 0.596374 0.571321 0.590170 0.567914 0.583138 0.567427
0 0.657315 0.474252 0.648321 0.467780 0.641741 0.454149 0.632792 0.447333 0.625685 0.444235 0.625685 0.433082 0.624106 0.418831 0.625685 0.400243 0.633581 0.388470 0.640162 0.377937 0.645953 0.372980 0.653323 0.366784 0.660956 0.346337 0.659640 0.333325 0.659640 0.322172 0.665167 0.317215 0.664378 0.302964 0.663062 0.293050 0.670958 0.289333 0.680170 0.288713 0.684645 0.286854 0.680960 0.274462 0.679907 0.258352 0.682276 0.251537 0.687804 0.237286 0.691225 0.233568 0.700868 0.230150 0.708355 0.225896 0.716617 0.219210 0.731076 0.219818 0.736239 0.212525 0.747600 0.197331 0.763865 0.176667 0.769803 0.163296 0.776258 0.146278 0.776000 0.132299 0.773160 0.112243 0.772643 0.095833 0.774709 0.087932 0.781164 0.085501 0.788393 0.086109 0.791749 0.085501 0.798462 0.072130 0.804917 0.053897 0.810855 0.036272 0.817051 0.033841 0.816793 0.038703 0.821957 0.045388 0.828153 0.042349 0.833317 0.038095 0.839513 0.030802 0.844161 0.020470 0.848034 0.013176 0.851390 0.013176 0.853455 0.025332 0.856554 0.030802 0.859135 0.029586 0.858619 0.022901 0.859910 0.010745 0.861201 0.006491 0.863525 0.000413 0.999072 0.001629 0.997781 0.090971 0.988228 0.109812 0.986163 0.119536 0.985904 0.135946 0.998555 0.140808 0.995199 0.163296 0.979966 0.164511 0.974802 0.152356 0.980482 0.138985 0.971962 0.129868 0.963184 0.152356 0.949242 0.139593 0.943562 0.177882 0.925489 0.175451 0.922649 0.204624 0.919034 0.225896 0.907416 0.231974 0.907416 0.251422 0.909482 0.271479 0.908449 0.287281 0.896572 0.309768 0.889343 0.318277 0.867914 0.326178 0.860943 0.324962 0.856037 0.317669 0.848034 0.317061 0.832542 0.329824 0.828928 0.351096 0.830477 0.360821 0.836157 0.362644 0.847517 0.361429 0.860685 0.369330 0.869721 0.410658 0.863266 0.428283 0.863266 0.446516 0.850099 0.453810 0.823764 0.454417 0.813695 0.456241 0.805691 0.458672 0.802851 0.455025 0.800786 0.437400 0.795364 0.434969 0.788909 0.428891 0.786844 0.422205 0.786585 0.402149 0.782196 0.418559 0.776258 0.418559 0.766963 0.422813 0.757669 0.422813 0.750440 0.423421 0.741145 0.414304 0.738305 0.410050 0.736239 0.396071 0.733805 0.366849 0.724797 0.368096 0.719234 0.374956 0.718969 0.386806 0.712610 0.376204 0.712875 0.357494 0.709961 0.342526 0.707047 0.361236 0.705722 0.376827 0.713140 0.386182 0.715525 0.394290 0.711021 0.401150 0.706782 0.403645 0.703338 0.401774 0.700953 0.388677 0.698304 0.390548 0.694860 0.400526 0.702808 0.413623 0.698304 0.424849 0.691945 0.424225 0.684262 0.422978 0.680023 0.424225 0.678434 0.434828 0.675255 0.442312 0.666777 0.453537 0.665452 0.456656 0.663332 0.461021
