0 0.204249 0.798939 0.221627 0.824654 0.238361 0.824654 0.262820 0.800546 0.277623 0.786082 0.300151 0.765188 0.316885 0.750723 0.332976 0.726615 0.332976 0.681614 0.325252 0.636612 0.318172 0.665542 0.314954 0.697686 0.305943 0.663934 0.297576 0.659113 0.287278 0.676792 0.264751 0.663934 0.257671 0.670363 0.249947 0.700900 0.234500 0.725008 0.225489 0.739473 0.214547 0.773224
0 0.354860 0.268563 0.356791 0.491964 0.365802 0.469463 0.368376 0.508036 0.376743 0.487142 0.378674 0.474285 0.379318 0.446962 0.383823 0.437319 0.392834 0.446962 0.414074 0.435712 0.406994 0.395532 0.406351 0.361781 0.406994 0.342494 0.400558 0.326422 0.394765 0.315172 0.387685 0.316779 0.383823 0.316779 0.374169 0.291064 0.368376 0.283028 0.363227 0.271778
0 0.405063 0.562681 0.403776 0.615718 0.416005 0.631790 0.430165 0.618933 0.439207 0.623537 0.439207 0.601399 0.442374 0.591516 0.442532 0.574913 0.438891 0.562263 0.436199 0.564635 0.430975 0.559891 0.422110 0.551194 0.421160 0.548031 0.412294 0.553961
0 0.392188 0.567007 0.388072 0.573727 0.389022 0.582029 0.392663 0.589540 0.393771 0.592702 0.393296 0.597842 0.392821 0.601399 0.395829 0.607329 0.395513 0.611282 0.395671 0.618793 0.396304 0.628676 0.398046 0.633420 0.399154 0.629072 0.398837 0.612073 0.398521 0.592307 0.398046 0.584005 0.398996 0.567007
0 0.442215 0.403344 0.438574 0.414809 0.436833 0.427064 0.436833 0.437737 0.436833 0.449992 0.437308 0.465014 0.438574 0.473316 0.439524 0.481618 0.439999 0.494268 0.441582 0.506127 0.443957 0.508499 0.446965 0.508104 0.450289 0.509290 0.453139 0.507313 0.455672 0.505337 0.458047 0.504546 0.459313 0.505732 0.461530 0.508104 0.466912 0.508104 0.466596 0.505337 0.463588 0.499802 0.463113 0.491501 0.464696 0.484780 0.464854 0.481222 0.463746 0.475688 0.464221 0.467781 0.465329 0.463433 0.466754 0.460270 0.467546 0.451969 0.467546 0.441690 0.464696 0.429831 0.461688 0.416390 0.459947 0.410065 0.457414 0.405716 0.452664 0.402949 0.447281 0.401763 0.444115 0.403344
0 0.470712 0.439714 0.470870 0.466596 0.472612 0.479246 0.471662 0.484780 0.474511 0.499407 0.470079 0.510476 0.477519 0.516010 0.481477 0.510476 0.482111 0.499407 0.482111 0.491105 0.481319 0.487152 0.478944 0.481618 0.478153 0.472525 0.477836 0.467386 0.476411 0.458294 0.473720 0.453550 0.475461 0.441690 0.473245 0.437737
0 0.483535 0.485571 0.480686 0.482408 0.479894 0.472921 0.481161 0.471735 0.484010 0.476083
0 0.477519 0.459480 0.478944 0.461061 0.480527 0.459084 0.480369 0.451178 0.478469 0.445644 0.475461 0.444853 0.474037 0.449597 0.476095 0.457108
0 0.490818 0.360255 0.489868 0.368161 0.488285 0.370138 0.484010 0.373300 0.485118 0.380021 0.484960 0.387532 0.485118 0.391485 0.487493 0.393461 0.489393 0.391880 0.493192 0.391880 0.493984 0.391880 0.493984 0.384369 0.494301 0.380811 0.493826 0.375672 0.493351 0.372509 0.494617 0.363812 0.494301 0.361045
0 0.477519 0.408484 0.477678 0.400577 0.480527 0.399391 0.481002 0.406507
0 0.484327 0.398601 0.489090 0.398498 0.493833 0.398863 0.493323 0.404330 0.492155 0.407974 0.489601 0.407610 0.488944 0.405423 0.486682 0.403783 0.484638 0.401232
0 0.478216 0.411801 0.480187 0.418908 0.478216 0.422553 0.476757 0.425468 0.475443 0.426926 0.476173 0.430753 0.477997 0.434580 0.479384 0.438407 0.480114 0.439682 0.480260 0.441687 0.481135 0.446060 0.481500 0.446425 0.481865 0.450251 0.487348 0.464646 0.489657 0.465899 0.492871 0.466401 0.494979 0.471666 0.496586 0.472168 0.498594 0.473171 0.501607 0.476180 0.502711 0.485708 0.505021 0.487714 0.508435 0.484705 0.512753 0.476932 0.509238 0.463392 0.511046 0.454616 0.507732 0.445589 0.506728 0.434306 0.505523 0.429542 0.500301 0.425530 0.497992 0.427787 0.495682 0.427285 0.492871 0.423023 0.493373 0.419011 0.494578 0.415751 0.494678 0.412743
0 0.489834 0.537265 0.489934 0.550520 0.489333 0.555022 0.489834 0.558774 0.497246 0.556773 0.504357 0.547019 0.503956 0.538766 0.503856 0.535764 0.501853 0.535014 0.500551 0.531263 0.498147 0.529512 0.496545 0.528261 0.494341 0.531012 0.490735 0.534264
0 0.645441 0.640618 0.648880 0.632747 0.653895 0.615930 0.658767 0.618076 0.666648 0.618434 0.674242 0.617361 0.680404 0.612352 0.686995 0.614141 0.693730 0.617003 0.702328 0.620581 0.703904 0.622012 0.704907 0.634178 0.707056 0.645270 0.707916 0.648848 0.707200 0.654931 0.708059 0.664591 0.708059 0.675683 0.707773 0.683555 0.703474 0.686060 0.692154 0.683913 0.683127 0.678546 0.672810 0.666738 0.661346 0.654215 0.656904 0.649563 0.651746 0.643481
0 0.714364 0.652784 0.713361 0.653857 0.713648 0.670674 0.713361 0.678546 0.714078 0.682124 0.715367 0.684629 0.717660 0.684986 0.718663 0.675683 0.718806 0.665665 0.718949 0.659940
