0 0.835066 0.504560 0.850711 0.645935 0.953273 0.689260 0.947189 0.477198
0 0.999339 0.479478 0.988040 0.479478 0.994124 0.700661 0.997601 0.700661
0 0.560156 0.533858 0.560873 0.559816 0.587115 0.568469 0.586971 0.537620 0.603892 0.537620 0.602889 0.525582 0.589839 0.525958 0.591560 0.492852 0.592134 0.464261 0.589983 0.444698 0.589122 0.428522 0.586685 0.412345 0.583100 0.404069 0.581666 0.400307 0.581809 0.522948 0.578941 0.526710 0.578798 0.435670 0.572631 0.433789 0.572345 0.430027 0.577794 0.430403 0.579084 0.417988 0.571341 0.418364 0.572058 0.414226 0.578081 0.411593 0.578941 0.395792 0.573062 0.401435 0.560012 0.434541
0 0.556284 0.440560 0.548827 0.449213 0.549974 0.522948 0.557144 0.524829 0.558005 0.441689
0 0.545386 0.466518 0.543235 0.487962 0.544525 0.496238 0.543378 0.504138 0.545242 0.523701
0 0.375091 0.660873 0.395991 0.663460 0.397766 0.651045 0.409399 0.656735 0.398751 0.678461 0.374302 0.670701
0 0.356754 0.505690 0.363852 0.492241 0.372133 0.501035 0.370950 0.512932 0.363655 0.514484
0 0.372725 0.519657 0.378837 0.540865 0.373710 0.549659 0.359908 0.558970 0.358922 0.571384 0.371936 0.566211 0.370753 0.583799 0.381006 0.585351 0.387513 0.577592 0.383569 0.572936 0.377457 0.567246 0.379823 0.558970 0.390273 0.557935 0.385935 0.540865 0.385738 0.522243
0 0.321460 0.515001 0.321262 0.547589 0.330135 0.544486 0.339205 0.554831 0.341177 0.527933 0.339008 0.522760 0.333487 0.523795 0.327178 0.517070 0.324614 0.512415 0.323037 0.510346
0 0.322643 0.477757 0.326586 0.473619 0.336445 0.476723 0.349458 0.479826 0.353796 0.472067 0.355571 0.477240 0.356556 0.488620 0.323234 0.500000
0 0.263293 0.341196 0.282025 0.356714 0.284785 0.364473 0.296221 0.380509 0.306080 0.381544 0.308446 0.374302 0.305883 0.369129 0.289123 0.363439 0.286363 0.362404 0.286560 0.357232 0.297010 0.352576 0.306672 0.351024 0.308446 0.342230 0.293264 0.333437 0.295038 0.331368 0.297799 0.323091 0.294052 0.317401 0.289320 0.311711 0.283602 0.310159 0.282222 0.312228 0.282222 0.316884 0.284982 0.326195 0.284982 0.330333 0.283997 0.331368 0.278870 0.329299 0.273941 0.324126 0.268814 0.322574 0.266645 0.319988 0.265265 0.322057 0.264476 0.326195 0.263885 0.331885
0 0.306277 0.386716 0.313375 0.378957 0.316136 0.387751 0.322643 0.391372 0.326389 0.392406 0.327375 0.404304 0.320868 0.402235
0 0.366612 0.606042 0.364049 0.616387 0.369767 0.622077 0.373316 0.615870 0.371936 0.608628
0 0.728820 0.615353 0.742819 0.606559 0.759382 0.601904 0.775944 0.613284 0.785408 0.616387 0.805323 0.621560 0.812027 0.621560 0.814590 0.647941 0.801577 0.646389 0.767860 0.636561 0.736312 0.623112
0 0.694709 0.688806 0.709891 0.677426 0.713834 0.685185 0.720538 0.681564 0.726059 0.687772 0.737298 0.701221 0.743608 0.703807 0.724679 0.716739
0 0.815182 0.696048 0.825040 0.695531 0.832730 0.700703 0.839040 0.700186 0.845941 0.700186 0.849687 0.700703 0.856391 0.709497 0.859348 0.711566 0.863883 0.718808 0.866644 0.721912 0.851856 0.719843 0.842786 0.714153 0.831744 0.708463 0.820505 0.702255
0 0.605192 0.578109 0.611699 0.572419 0.617811 0.575522 0.623135 0.576557 0.629444 0.574488 0.637331 0.572936 0.643641 0.575005 0.648964 0.580695 0.645021 0.582764 0.634176 0.579661 0.632205 0.579661 0.624712 0.583799 0.620966 0.582247 0.613670 0.579661 0.608150 0.579661
