0 0.096661 0.198817 0.092816 0.241588 0.117805 0.287924 0.115882 0.394853 0.096661 0.409110 0.097942 0.428714 0.133823 0.501782 0.104990 0.519604 0.104990 0.539207 0.159452 0.537425 0.176111 0.517821 0.191489 0.530297 0.202381 0.542772 0.206225 0.539207 0.210710 0.407328 0.187644 0.393071 0.179955 0.357428 0.162015 0.377032 0.167782 0.325349 0.143434 0.298617 0.140230 0.282578 0.142793 0.255845 0.133823 0.236242 0.116523 0.229113
0 0.096055 0.594256 0.109155 0.587127 0.105738 0.552276 0.115989 0.584751 0.122539 0.579207 0.142188 0.555445 0.148453 0.568910 0.136777 0.583167 0.146175 0.585543 0.157281 0.595048 0.159844 0.611681 0.184618 0.618810 0.192877 0.627523 0.180917 0.636235 0.160413 0.633067 0.147883 0.639404 0.134214 0.642572 0.124817 0.641780 0.116844 0.638612 0.106877 0.639404 0.097764 0.642572
0 0.148453 0.569702 0.150161 0.583959 0.160983 0.599008 0.201989 0.605345 0.203698 0.574454 0.185473 0.574454 0.166393 0.571286
0 0.210817 0.577623 0.210817 0.607721 0.221354 0.606929 0.221923 0.593464 0.286281 0.587919 0.288559 0.584751 0.277168 0.578415
0 0.216797 0.408912 0.215943 0.458020 0.233343 0.468336 0.235793 0.473547 0.235216 0.501603 0.232479 0.512425 0.228444 0.507615 0.228732 0.480361 0.224553 0.476753 0.223833 0.504409 0.221239 0.500401 0.223400 0.475952 0.215907 0.475150 0.212593 0.537676 0.217060 0.533267 0.216483 0.514830 0.219942 0.513227 0.224409 0.523247 0.232046 0.527255 0.237522 0.518036 0.246312 0.530060 0.251932 0.534469 0.257408 0.534469 0.260722 0.531263 0.262307 0.524850 0.262307 0.516433 0.260578 0.510020 0.262595 0.507214 0.265622 0.508417 0.264613 0.514830 0.264469 0.522044 0.263604 0.530060 0.266342 0.529660 0.273115 0.537275 0.274700 0.540080 0.275276 0.522445 0.278302 0.521243 0.286948 0.526453 0.299366 0.529663 0.306742 0.536316 0.312323 0.541861 0.315712 0.545187 0.319499 0.540752 0.319499 0.535762 0.312124 0.530772 0.310330 0.520237 0.312323 0.514138 0.307738 0.496951 0.307539 0.486416 0.308336 0.475882 0.310928 0.467565 0.314516 0.459803 0.318702 0.457030 0.321493 0.455921 0.317705 0.455367 0.312522 0.450377 0.312722 0.444278 0.315114 0.440397 0.317705 0.437070
0 0.329067 0.439288 0.329067 0.445387 0.326277 0.452595 0.326077 0.457030 0.330662 0.469228 0.332058 0.486416 0.331061 0.504158 0.328270 0.513029 0.328071 0.519128 0.326476 0.524118 0.323685 0.535207 0.329666 0.537425 0.331659 0.525782 0.334450 0.440397
0 0.364550 0.452040 0.369533 0.453149 0.371726 0.458139 0.374716 0.448159 0.376111 0.455367 0.377307 0.460912 0.380098 0.467565 0.383287 0.474218 0.382889 0.476990 0.383287 0.481426 0.386876 0.487525 0.387075 0.494733 0.387872 0.508594 0.387914 0.519175 0.387332 0.529570 0.388495 0.536039 0.389077 0.543663 0.385588 0.546435 0.379857 0.553134 0.378944 0.553828 0.376618 0.551517 0.374874 0.551517 0.374874 0.526798 0.373545 0.526798 0.372880 0.531881 0.365654 0.530033 0.364325 0.536039 0.363993 0.551286 0.366236 0.551979 0.366983 0.533267 0.368561 0.536039 0.368229 0.547128 0.369724 0.550131 0.370223 0.536501 0.373046 0.536039 0.372465 0.550824 0.369724 0.552210 0.367648 0.553134 0.366402 0.556369 0.365156 0.559603 0.362415 0.559141 0.361418 0.558217 0.363661 0.456106
0 0.395658 0.522361 0.392442 0.528010 0.391596 0.545428 0.393965 0.550136 0.396673 0.553431 0.397519 0.559080 0.399550 0.563317 0.401920 0.559080 0.403951 0.558609 0.406320 0.568024 0.408859 0.568495 0.409198 0.565200 0.410721 0.558138 0.412413 0.560963 0.414444 0.559080 0.415968 0.512004 0.419353 0.513887 0.419522 0.505414 0.416983 0.499294 0.412583 0.494586 0.405813 0.490349 0.403443 0.488466 0.399550 0.494586 0.397519 0.500706 0.397181 0.513417
0 0.420030 0.521890 0.417491 0.521419 0.417152 0.549665 0.419691 0.550136 0.419860 0.527069
0 0.421274 0.510712 0.423264 0.509998 0.423456 0.512140 0.433534 0.513033 0.437513 0.512319 0.439311 0.508927 0.438861 0.505892 0.435074 0.503392 0.432763 0.503392 0.431672 0.501428 0.428720 0.501428 0.424997 0.501785 0.423264 0.503035 0.423585 0.498750 0.424547 0.494108 0.427115 0.491609 0.431608 0.491073 0.432314 0.490895 0.433855 0.488752 0.434047 0.482504 0.435459 0.480897 0.437000 0.478219 0.438669 0.475362 0.439375 0.474470 0.440723 0.476076 0.441557 0.476076 0.442199 0.475362 0.446114 0.474827 0.447527 0.473934 0.449196 0.473041 0.451570 0.471256 0.453881 0.470720 0.455743 0.470542 0.457925 0.471078 0.460043 0.471970 0.462290 0.472863 0.464280 0.473398 0.466590 0.474470 0.468644 0.476255 0.469864 0.477505 0.471533 0.479469 0.473266 0.482682 0.476411 0.485717 0.478337 0.486253 0.481097 0.486967 0.482894 0.487324 0.484691 0.488217 0.485975 0.488752 0.489056 0.490359 0.490917 0.491609 0.493100 0.492502 0.495154 0.493573 0.497721 0.491609 0.502343 0.495180 0.508120 0.498036 0.508633 0.495001 0.510559 0.492502 0.512292 0.490538 0.514153 0.487146 0.519096 0.481432 0.520572 0.480718 0.522690 0.481790 0.524937 0.481254 0.526734 0.479647 0.529815 0.477862 0.535079 0.478219 0.536555 0.478576 0.538352 0.481075 0.541777 0.484472 0.544036 0.487263 0.547423 0.488659 0.550058 0.493195 0.551563 0.492846 0.552943 0.490753 0.556707 0.484472 0.562603 0.477842 0.564234 0.479935 0.565614 0.483076 0.567371 0.481331 0.571260 0.477842 0.577658 0.476795 0.580042 0.479935 0.582927 0.480284 0.586817 0.479935 0.592337 0.483425 0.595222 0.486565 0.596477 0.491102 0.598735 0.488310 0.599739 0.492149 0.602750 0.494591 0.606764 0.495638 0.607266 0.538908 0.606185 0.534286 0.604943 0.532957 0.603701 0.532425 0.602315 0.535747 0.602124 0.539203 0.602793 0.542658 0.603271 0.546246 0.602602 0.552093 0.602554 0.553422 0.601264 0.555548 0.600309 0.557276 0.599353 0.560199 0.598875 0.561129 0.597490 0.560598 0.595722 0.559668 0.593954 0.559668 0.593381 0.559801 0.593763 0.557010 0.594719 0.551960 0.593859 0.551296 0.592617 0.550498 0.591661 0.555548 0.590419 0.553555 0.590323 0.549435 0.590467 0.545448 0.590323 0.539601 0.590084 0.532691 0.589559 0.525914 0.587313 0.522591 0.586406 0.522193 0.585784 0.524585 0.585689 0.526445 0.585546 0.529634 0.583969 0.531229 0.582870 0.530698 0.581150 0.530565 0.580433 0.531362 0.581628 0.532425 0.581437 0.535216 0.581198 0.537874 0.579191 0.537475 0.577567 0.537874 0.576611 0.537342 0.576324 0.535083 0.573553 0.532957 0.572932 0.532558 0.572550 0.533223 0.572072 0.533355 0.570448 0.532957 0.569110 0.534020 0.568919 0.536412 0.569970 0.539335 0.571021 0.541595 0.572120 0.543721 0.572455 0.546910 0.572455 0.548372 0.572359 0.550498 0.571260 0.551694 0.570113 0.552624 0.569062 0.553422 0.568107 0.554086 0.566673 0.554751 0.565431 0.555016 0.563902 0.555681 0.562087 0.557010 0.559985 0.557010 0.558742 0.555681 0.558695 0.554485 0.559411 0.553820 0.561322 0.553156 0.562087 0.552492 0.562995 0.551296 0.563568 0.549036 0.561609 0.549435 0.560367 0.548638 0.560415 0.546379 0.561131 0.543721 0.560749 0.541993 0.558695 0.541329 0.558121 0.542392 0.556879 0.541727 0.555780 0.540797 0.553152 0.542525 0.553057 0.551694 0.553009 0.560199 0.552818 0.563654 0.552388 0.568438 0.549856 0.566844 0.547706 0.563389 0.546511 0.560864 0.545508 0.555282 0.545126 0.551296 0.543836 0.547575 0.543119 0.549834 0.543024 0.550764 0.542307 0.554352 0.541495 0.556744 0.540826 0.555814 0.540253 0.551030 0.539488 0.551960 0.538867 0.552757 0.538198 0.554618 0.537625 0.557276 0.537481 0.559136 0.536860 0.560332 0.535761 0.560997 0.533659 0.562060 0.531844 0.560864 0.530840 0.557541 0.528881 0.557674 0.527161 0.557940 0.524240 0.560133 0.523131 0.561815 0.521015 0.562375 0.518596 0.562095 0.516277 0.561254 0.514060 0.559572 0.513455 0.559852 0.511843 0.560693 0.510029 0.562375 0.511339 0.567421 0.512347 0.569944 0.511641 0.572187 0.511238 0.576392 0.510633 0.581438 0.507106 0.579476 0.504384 0.581999 0.502772 0.580597 0.503679 0.578355 0.506702 0.576672 0.507610 0.572467 0.508624 0.568818 0.508316 0.565677 0.506416 0.563393 0.505441 0.560109 0.503285 0.560394 0.501489 0.561394 0.498717 0.559109 0.497228 0.555112 0.497587 0.549400 0.497998 0.543118 0.496355 0.542262 0.495483 0.543547 0.495123 0.545260 0.495996 0.547830 0.494918 0.553541 0.494456 0.557824 0.493224 0.562250 0.490966 0.563107 0.488707 0.564106 0.487372 0.563535 0.486346 0.561965 0.484498 0.559680 0.482804 0.556111 0.482188 0.555112 0.481264 0.556111 0.478595 0.559252 0.475823 0.560680 0.474796 0.559680 0.474283 0.554826 0.472230 0.546259 0.471973 0.551685 0.471460 0.553684 0.470176 0.556682 0.468842 0.557253 0.466891 0.556111 0.464478 0.556111 0.463554 0.554969 0.462477 0.558253 0.461809 0.563678 0.460885 0.568532 0.458729 0.569817 0.457549 0.569104 0.455187 0.567819 0.453237 0.566534 0.452672 0.564535 0.452723 0.561536 0.452056 0.557967 0.452672 0.556539 0.453391 0.553969 0.453237 0.550257 0.452210 0.546688 0.452108 0.548258 0.451543 0.544403 0.450876 0.542262 0.449900 0.541119 0.448001 0.540691 0.447385 0.540977 0.446307 0.542262 0.444921 0.542690 0.444202 0.546259 0.445640 0.545974 0.446564 0.546259 0.449182 0.547402 0.450260 0.547116 0.451286 0.547116 0.451286 0.548687 0.450927 0.550400 0.450465 0.553255 0.450876 0.556254 0.451030 0.558824 0.451081 0.561394 0.450003 0.563107 0.450106 0.566819 0.447231 0.567819 0.446410 0.567676 0.444459 0.572245 0.444356 0.566534 0.442816 0.565820 0.437786 0.565820 0.437632 0.567961 0.437221 0.569104 0.433217 0.566819 0.428084 0.566534 0.425004 0.566962 0.424337 0.566962 0.424850 0.560537 0.423926 0.559109 0.421976 0.551257 0.420692 0.546831
0 0.598181 0.647992 0.613909 0.649359 0.624477 0.654144 0.628901 0.654827 0.636274 0.655511 0.643646 0.653460 0.652739 0.656878 0.656180 0.661663 0.658146 0.662347 0.660112 0.691740 0.663307 0.690373 0.662570 0.637738 0.666994 0.630903 0.680756 0.622700 0.684688 0.620649 0.690586 0.626118 0.698942 0.628852 0.716883 0.636371 0.719832 0.636371 0.724747 0.641840 0.726959 0.646625 0.729171 0.667815 0.725484 0.687638 0.720078 0.693107 0.703857 0.689689 0.694519 0.695841 0.731382 0.716348 0.736052 0.701310 0.735315 0.684904 0.735315 0.664397 0.737526 0.656194 0.746128 0.647992 0.758170 0.645941 0.773653 0.650726 0.787416 0.655511 0.802161 0.659612 0.815678 0.660979 0.829195 0.663714 0.847381 0.669866 0.857457 0.673284 0.868270 0.677385 0.881787 0.681486 0.895304 0.689006 0.905626 0.691740 0.911033 0.695841 0.924058 0.706778 0.943719 0.719082 0.956744 0.719766 0.971735 0.724551 0.977633 0.729336 0.989184 0.730019 0.999641 0.734544 0.999641 0.889973 0.942244 0.857162 0.939541 0.844175 0.934380 0.844858 0.931922 0.848960 0.927990 0.844858 0.923321 0.836655 0.907592 0.829136 0.871220 0.815465 0.865076 0.803844 0.857703 0.803844 0.763577 0.755995 0.733840 0.739589 0.626197 0.678069 0.614401 0.671233 0.600638 0.658245
0 0.999506 0.282285 0.995820 0.288437 0.990904 0.294589 0.986972 0.310311 0.985989 0.322615 0.986481 0.329451 0.982303 0.341071 0.970752 0.343806 0.957235 0.341755 0.952074 0.337653 0.952320 0.328767 0.952812 0.317830 0.951829 0.308260 0.946176 0.295956 0.941753 0.285019 0.932905 0.270664 0.926024 0.253575 0.916194 0.237853 0.907346 0.228967 0.901202 0.250157 0.905134 0.275449 0.905626 0.280918 0.903660 0.282285 0.898007 0.279550 0.895304 0.280918 0.896779 0.291855 0.898253 0.294589 0.896041 0.298007 0.894813 0.303475 0.896779 0.309627 0.899973 0.317147 0.899973 0.323299 0.899482 0.326716 0.896041 0.327400 0.893829 0.326033 0.891618 0.326716 0.888423 0.331501 0.883508 0.336286 0.879084 0.336970 0.873186 0.345856 0.871465 0.347907 0.866059 0.349274 0.856720 0.351325 0.846398 0.354743 0.844923 0.357477 0.845906 0.362945 0.847627 0.369097 0.848364 0.377300 0.847872 0.383452 0.844678 0.391655 0.842466 0.401225 0.842220 0.404643 0.845661 0.414213 0.849101 0.423099 0.851067 0.432669 0.852296 0.440872 0.853525 0.450442 0.853279 0.455910 0.849593 0.451809 0.843449 0.442922 0.829686 0.440872 0.827474 0.442922 0.833618 0.570749 0.849593 0.575534 0.850822 0.574167 0.859177 0.571432 0.863601 0.569382 0.873923 0.570065 0.878838 0.572116 0.881296 0.570749 0.886702 0.569382 0.885228 0.554343 0.885965 0.550926 0.890635 0.546824 0.896287 0.537254 0.899482 0.514697 0.903168 0.499658 0.904643 0.480518 0.905380 0.473683 0.911033 0.474366 0.923075 0.480518 0.932905 0.483936 0.939295 0.483936 0.942490 0.483253 0.946422 0.491455 0.950108 0.498291 0.955515 0.501709 0.959693 0.503076 0.966574 0.503076 0.973701 0.503760 0.977388 0.503760 0.986972 0.501025 0.991887 0.498975 0.997294 0.497608 0.999641 0.498658
0 0.998692 0.500723 0.990632 0.506509 0.966971 0.505786 0.958131 0.506509 0.954491 0.510848 0.955271 0.524589 0.958651 0.539052 0.970611 0.549177 0.982832 0.558578 0.992712 0.562194 0.998952 0.557855
0 0.904570 0.478304 0.904570 0.493491 0.904050 0.507955 0.901970 0.515910 0.899630 0.524589 0.895990 0.533267 0.890010 0.544838 0.887929 0.553516 0.887929 0.561471 0.893910 0.568703 0.908470 0.581721 0.917050 0.593292 0.926670 0.603416 0.934991 0.597631 0.942531 0.597631 0.956051 0.598354 0.972952 0.598354 0.980232 0.593292 0.989332 0.588953 0.996092 0.586060 0.998432 0.578828 0.993752 0.573042 0.983352 0.565087 0.970611 0.552070 0.960991 0.544115 0.957611 0.535436 0.956311 0.521696 0.950331 0.505062 0.944091 0.492768 0.939671 0.484813 0.927450 0.488429 0.918610 0.485536 0.910290 0.480474
0 0.998692 0.195536 0.989332 0.207831 0.975552 0.210723 0.962291 0.204938 0.952151 0.190474 0.956051 0.188305 0.961251 0.186858 0.964111 0.185412 0.967491 0.183242 0.971652 0.176733 0.974772 0.164439 0.974252 0.159377 0.974252 0.150699 0.978932 0.136235 0.980492 0.134788 0.985172 0.139851 0.991932 0.139851 0.996872 0.137681 0.999212 0.131172 0.990372 0.129726 0.977632 0.130449 0.968791 0.132619 0.959171 0.136958 0.952151 0.146359 0.950071 0.160100 0.950591 0.185412 0.948771 0.194813 0.943311 0.202768 0.936291 0.203492 0.927450 0.202768 0.921730 0.203492 0.918090 0.205661 0.912370 0.208554 0.909770 0.213616 0.904830 0.219402 0.894950 0.231696 0.891050 0.223741 0.896250 0.216509 0.900410 0.210000 0.904310 0.207108 0.906390 0.206384 0.909250 0.193367 0.912630 0.184689 0.927710 0.164439 0.913150 0.169502 0.898850 0.168778 0.894170 0.175287 0.893910 0.188305 0.892090 0.202768 0.885069 0.217232 0.880389 0.213616 0.880129 0.204215 0.879869 0.182519 0.874669 0.192644 0.872849 0.207108 0.867129 0.220848 0.858549 0.241821 0.855949 0.248329 0.854389 0.258454 0.857249 0.270025 0.854389 0.302569 0.846588 0.311247 0.830208 0.312693 0.829688 0.291721 0.830728 0.272195 0.824488 0.269302 0.823188 0.288105 0.810968 0.314863 0.787567 0.304015 0.795367 0.279427 0.802907 0.270748 0.809668 0.257008 0.823188 0.238928 0.823968 0.237482 0.816168 0.229526 0.808108 0.230250 0.801867 0.257008 0.794587 0.280150 0.789647 0.284489 0.774307 0.273641 0.760526 0.264963 0.754546 0.241098 0.753246 0.228803 0.754026 0.216509 0.756366 0.196983 0.746226 0.191197 0.738686 0.188305 0.732966 0.188305 0.728806 0.196260 0.727506 0.199876 0.730886 0.199876 0.740246 0.210000 0.738686 0.225910 0.732186 0.229526 0.729066 0.236035 0.731406 0.237482 0.738686 0.246160 0.735566 0.251222 0.726466 0.252669 0.710865 0.244713 0.692665 0.236035 0.687205 0.230250 0.686165 0.208554 0.680444 0.217955 0.673944 0.217232 0.664584 0.212170 0.662764 0.201322 0.662504 0.196983 0.654704 0.192644 0.650804 0.176733 0.651844 0.163716 0.647164 0.142020 0.648724 0.131896 0.656524 0.121048 0.664584 0.108754 0.661464 0.104414 0.661204 0.098629 0.656524 0.082719 0.648464 0.074764 0.645344 0.067532 0.645604 0.051621 0.645084 0.042943 0.634943 0.024863 0.634163 0.016908 0.632863 0.003891 0.641183 0.001721 0.646124 0.003891 0.645604 0.012569 0.650804 0.012569 0.653404 0.010399 0.666144 0.002444 0.670915 0.000000 0.677064 0.003168 0.675764 0.011846 0.677584 0.016908 0.684605 0.014739 0.690325 0.018355 0.699165 0.021971 0.710865 0.019078 0.716585 0.014015 0.722565 0.009676 0.724125 0.000998 0.992452 0.002444 0.998432 0.001721
0 0.825406 0.447802 0.820685 0.451741 0.814548 0.455681 0.807938 0.461590 0.805814 0.474065 0.795427 0.485883 0.795191 0.498359 0.795191 0.506238 0.789762 0.518056 0.788345 0.521995 0.791886 0.540380 0.785277 0.556794 0.779847 0.573865 0.791414 0.572552 0.822574 0.571239 0.825643 0.567956 0.827767 0.570583
0 0.791178 0.460933 0.789054 0.464216 0.785277 0.469469 0.780319 0.472752 0.773474 0.476035 0.762615 0.482601 0.766628 0.486540 0.768044 0.507551 0.768280 0.523309 0.768989 0.546289 0.769225 0.563360 0.769461 0.577148 0.769933 0.592250 0.768752 0.592906 0.765920 0.582401 0.763087 0.586997 0.757658 0.590280 0.749160 0.584371 0.746799 0.569926 0.741134 0.556794 0.737829 0.553511 0.735704 0.554168 0.729095 0.554168 0.724137 0.555481 0.721541 0.554825 0.718944 0.548259 0.712807 0.379517 0.711626 0.370982 0.709266 0.365729 0.716348 0.384113 0.717528 0.384770 0.720124 0.384770 0.723193 0.390023 0.726262 0.402498 0.729803 0.409720 0.735232 0.414973 0.739953 0.413003 0.749160 0.413660 0.755769 0.411690 0.764031 0.415629 0.765920 0.420882 0.770641 0.435327 0.776542 0.447802 0.779375 0.449115 0.788109 0.453054 0.792122 0.453054
0 0.704781 0.368355 0.693686 0.373608 0.689201 0.372951 0.680231 0.373608 0.671024 0.376234 0.666539 0.387396 0.664415 0.402498 0.659457 0.419569 0.654736 0.430731 0.651904 0.437296 0.647418 0.441893 0.642697 0.447145 0.635379 0.456994 0.626645 0.466186 0.625701 0.460933 0.626173 0.447145 0.619800 0.436640 0.616495 0.444519 0.615315 0.451085 0.612954 0.455024 0.610121 0.464873 0.609413 0.473408 0.611065 0.478661 0.612954 0.489166 0.612246 0.495732 0.611774 0.503611 0.612718 0.510834 0.615551 0.511490 0.619328 0.512803 0.620744 0.523309 0.618855 0.521995 0.616731 0.523309 0.614842 0.523965 0.614134 0.528561 0.613662 0.539723 0.613190 0.557451 0.614370 0.565330 0.622160 0.565986 0.631130 0.558764 0.634907 0.535784 0.638212 0.542350 0.639865 0.550885 0.642225 0.556138 0.648127 0.565330 0.654028 0.562047 0.657333 0.554168 0.657333 0.543006 0.655681 0.538410 0.652848 0.530531 0.650959 0.516743 0.651195 0.508207 0.653320 0.497045 0.657805 0.499672 0.660874 0.501641 0.664179 0.512803 0.664415 0.520682 0.663943 0.528561 0.662054 0.534471 0.662526 0.542350 0.665595 0.545632 0.674801 0.551542 0.678814 0.550885 0.687548 0.543006 0.694158 0.548259 0.699351 0.544976 0.702892 0.542350 0.705253 0.543006 0.709030 0.543006 0.712335 0.539067 0.713987 0.533157 0.710655 0.387322 0.710299 0.383855 0.709676 0.381131 0.708252 0.374692 0.705670 0.369244
