0 0.678464 0.479877 0.682309 0.594421 0.710504 0.623831 0.743826 0.608352 0.780992 0.609900 0.836742 0.636214 0.874550 0.619188 0.849558 0.571203 0.873268 0.515479 0.905308 0.445824 0.907872 0.422605 0.891211 0.414866 0.853403 0.393195 0.866219 0.382360 0.880317 0.365333 0.899541 0.335923 0.914920 0.300322 0.914920 0.246146 0.941193 0.235311 0.999603 0.259785 0.998866 0.000031 0.690639 0.003127 0.694484 0.041824 0.698970 0.061947 0.715630 0.080521 0.709863 0.096000 0.732932 0.126958 0.711145 0.151724 0.717553 0.162560 0.749593 0.170299 0.757283 0.178039 0.738699 0.201257 0.732291 0.213640 0.766254 0.218284 0.759205 0.255433 0.750875 0.280199 0.747030 0.280199 0.725243 0.284843 0.711145 0.331280 0.713708 0.366881 0.719475 0.400935 0.732291 0.442728 0.736136 0.472138 0.744467 0.507739 0.743185 0.540245 0.729728 0.554176 0.707941 0.544889 0.707300 0.512383 0.702174 0.472138
0 0.677182 0.092904 0.681027 0.445824 0.688717 0.436536 0.692562 0.396291 0.693843 0.369977 0.704096 0.352950 0.706018 0.335923 0.687435 0.278651 0.693843 0.252337 0.699610 0.227571 0.700892 0.187326 0.700251 0.173395 0.706659 0.147081 0.698970 0.117671 0.672056 0.082069
0 0.576576 0.006223 0.574013 0.058851 0.572090 0.103740 0.566964 0.157916 0.565042 0.190422 0.559274 0.229119 0.554789 0.269364 0.547740 0.294130 0.531720 0.345211 0.527875 0.365333 0.518904 0.411770 0.515700 0.431893 0.513136 0.445824 0.504165 0.479877 0.495194 0.501548 0.484941 0.517027 0.476611 0.523218 0.461872 0.524766 0.442007 0.546437 0.437522 0.551080 0.426628 0.546437 0.424706 0.535602 0.414453 0.513931 0.409967 0.507739 0.404200 0.517027 0.402277 0.540245 0.401637 0.555724 0.393947 0.541793 0.391384 0.515479 0.393947 0.495356 0.379208 0.470590 0.368315 0.469042 0.361907 0.456659 0.350372 0.442728 0.341401 0.428797 0.333071 0.422605 0.330507 0.441180 0.328585 0.623831 0.340119 0.625379 0.347809 0.603709 0.344605 0.578942 0.349732 0.574299 0.356780 0.566559 0.376004 0.585134 0.381772 0.582038 0.390102 0.578942 0.397792 0.582038 0.406122 0.582038 0.420861 0.585134 0.425987 0.585134 0.472766 0.595969 0.494553 0.588230 0.526593 0.585134 0.541973 0.597517 0.574654 0.602161 0.588751 0.580490 0.601567 0.597517 0.628481 0.605257 0.650909 0.602161 0.664366 0.561916 0.663725 0.500000 0.663085 0.083617 0.654754 0.068138 0.654754 0.041824 0.659881 0.004675
0 0.115197 0.226023 0.097896 0.275556 0.090847 0.323540 0.085080 0.383908 0.081235 0.453563 0.077390 0.530958 0.089565 0.544889 0.104304 0.546437 0.111352 0.555724 0.128013 0.583586 0.156209 0.575847 0.180559 0.561916 0.186327 0.476782 0.181841 0.424153 0.170947 0.351402 0.167743 0.283295 0.163898 0.266268 0.133781 0.244598
0 0.238232 0.345211 0.231183 0.369977 0.235028 0.407126 0.215163 0.447372 0.211959 0.493808 0.211959 0.549533 0.222212 0.585134 0.245280 0.594421 0.260019 0.577395 0.263864 0.557272 0.263223 0.510835 0.262582 0.444276 0.263864 0.411770 0.261941 0.371525 0.252329 0.351402
0 0.295263 0.407126 0.289496 0.413318 0.277961 0.438084 0.276680 0.462851 0.276680 0.530958 0.279243 0.565011 0.285651 0.585134 0.291418 0.419510
0 0.299108 0.413318 0.299108 0.583586 0.319614 0.547985 0.320255 0.510835 0.314487 0.455111 0.314487 0.424153 0.290778 0.405579
0 0.001775 0.586682 0.247844 0.595969 0.281806 0.591326 0.314487 0.594421 0.313206 0.625379 0.000493 0.712061 0.000000 0.666770
0 0.918124 0.478330 0.925814 0.631571 0.900182 0.608352 0.896978 0.588230 0.903386 0.558820 0.917484 0.534054
0 0.986050 0.510835 0.990535 0.609900 0.998866 0.589778 0.998866 0.543341 0.991817 0.518575
0 0.924533 0.674912 0.927096 0.899356 0.684231 0.721349 0.684231 0.623831 0.757924 0.633119 0.764972 0.735280 0.780992 0.743019 0.774584 0.647050
