0 0.978203 0.443336 0.997083 0.435977 0.999036 0.634670 0.982760 0.633198
0 0.940441 0.456582 0.939790 0.628783 0.837574 0.605234 0.830412 0.490433 0.831063 0.460997
0 0.713731 0.572298 0.732075 0.559748 0.801589 0.580482 0.801831 0.600125 0.799417 0.602854
0 0.674871 0.641049 0.693939 0.633955 0.706490 0.638321 0.730144 0.659055 0.708904 0.666148 0.682354 0.650325 0.672216 0.646505
0 0.574703 0.537377 0.579772 0.532466 0.592565 0.537377 0.610426 0.535194 0.616219 0.533557 0.625149 0.541196 0.625632 0.543924 0.595220 0.542833
0 0.553946 0.499727 0.573979 0.499727 0.569876 0.489906 0.545498 0.485540 0.522568 0.494816 0.522809 0.522644 0.553946 0.533011
0 0.509293 0.495362 0.519457 0.495569 0.519684 0.522025 0.512470 0.520612 0.511731 0.497881 0.509800 0.497496 0.510652 0.519071 0.508891 0.518942
0 0.506095 0.426374 0.502868 0.435831 0.505020 0.455014 0.503227 0.466362 0.505976 0.485545
0 0.502510 0.495272 0.502988 0.519318 0.505617 0.518508 0.505378 0.494731
0 0.508844 0.410433 0.520677 0.401788 0.519840 0.485545 0.508964 0.482573
0 0.544939 0.361260 0.522469 0.393682 0.522708 0.496082 0.544222 0.487166 0.544819 0.398545 0.537170 0.395033 0.536931 0.390170 0.543863 0.390710 0.545178 0.377471 0.537648 0.378552 0.537648 0.374229 0.544461 0.373418
0 0.547927 0.355045 0.547688 0.485005 0.551871 0.484464 0.551751 0.463120 0.551034 0.440694 0.549480 0.418809 0.549959 0.405840 0.551751 0.391791 0.549719 0.379903 0.551034 0.372878 0.555217 0.380173 0.553903 0.396654 0.552349 0.420701 0.555456 0.432589 0.555098 0.450691 0.558205 0.463120 0.561313 0.433669 0.558444 0.415837 0.556532 0.388278 0.556293 0.377201 0.552946 0.368555
0 0.148743 0.261229 0.148471 0.282125 0.176746 0.307938 0.194417 0.324532 0.200670 0.332522 0.206380 0.325761 0.208827 0.316543 0.188980 0.315928 0.180552 0.306094 0.202845 0.299334 0.208283 0.288886 0.188436 0.280896 0.194689 0.275979 0.191155 0.258156 0.180824 0.252010 0.177833 0.255697 0.180008 0.277823 0.178377 0.278437 0.170765 0.271677 0.163696 0.267375 0.153637 0.264302 0.146568 0.269218
0 0.206652 0.335595 0.217526 0.330678 0.219973 0.340512 0.229489 0.343585 0.233567 0.353418 0.223779 0.354033
0 0.228673 0.433316 0.271901 0.435160 0.271901 0.441920 0.228129 0.459129
0 0.227857 0.463431 0.247704 0.481869 0.251238 0.516287 0.230576 0.513828 0.226770 0.510755
0 0.274076 0.464661 0.274619 0.459129 0.279513 0.453598 0.288757 0.457900 0.291475 0.470192 0.279513 0.473880
0 0.293378 0.477567 0.297456 0.496620 0.292563 0.508297 0.276250 0.519360 0.274347 0.532266 0.290931 0.530423 0.288213 0.547631 0.305069 0.546402 0.307787 0.536569 0.302350 0.523047 0.308331 0.518131 0.311050 0.511985 0.310506 0.505224 0.309962 0.487401 0.301806 0.476338
0 0.296369 0.630602 0.324643 0.624456 0.323556 0.617081 0.339053 0.620154 0.334159 0.643509 0.328722 0.644123 0.298272 0.637977
