0 0.526541 0.234314 0.524374 0.258824 0.533041 0.273529 0.548207 0.275490 0.560123 0.270588 0.561568 0.252941 0.570957 0.234314 0.564818 0.212745 0.552179 0.223529 0.549652 0.217647 0.542068 0.226471
0 0.580345 0.236275 0.598039 0.258824 0.604539 0.255882 0.604539 0.240196 0.591900 0.217647 0.585040 0.221569
0 0.611400 0.234314 0.617178 0.226471 0.622594 0.242157 0.625122 0.257843 0.615372 0.260784 0.611761 0.258824
0 0.633427 0.258824 0.635594 0.239216 0.642094 0.225490 0.647149 0.245098 0.650038 0.245098 0.650760 0.264706 0.637760 0.272549
0 0.659065 0.230392 0.660149 0.261765 0.668815 0.270588 0.670621 0.228431
0 0.675676 0.233333 0.676037 0.255882 0.673148 0.267647 0.685426 0.253922 0.685065 0.233333 0.682537 0.228431
0 0.788701 0.002941 0.802784 0.003922 0.800617 0.066667 0.830589 0.072549 0.825172 0.308824 0.732730 0.293137 0.733814 0.254902 0.733814 0.232353 0.733814 0.212745 0.752591 0.204902 0.750785 0.182353 0.739952 0.158824 0.739230 0.137255 0.740675 0.099020 0.744286 0.085294 0.753313 0.075490 0.761618 0.062745 0.765591 0.052941 0.768841 0.044118 0.771729 0.036275 0.774257 0.041176 0.779674 0.037255 0.787257 0.021569
0 0.851533 0.006863 0.850450 0.069608 0.843950 0.074510 0.838894 0.273529 0.872838 0.275490 0.869227 0.249020 0.874643 0.222549 0.881865 0.214706 0.888365 0.183333 0.895587 0.165686 0.904254 0.143137 0.912198 0.125490 0.921587 0.115686 0.914004 0.104902 0.932059 0.096078 0.949030 0.100980 0.961669 0.099020 0.965280 0.072549 0.970697 0.047059 0.971780 0.040196 0.955530 0.028431 0.940003 0.044118 0.945781 0.032353 0.949753 0.000980 0.862727 0.000980
0 0.935670 0.120588 0.925198 0.137255 0.917615 0.156863 0.915809 0.168627 0.919059 0.187255 0.910754 0.214706 0.900282 0.216667 0.894865 0.273529 0.913281 0.277451 0.917253 0.195098 0.921948 0.221569 0.924837 0.186275 0.934586 0.283333 0.949753 0.279412 0.951197 0.274510 0.948669 0.267647 0.975391 0.262745 0.995613 0.262745 0.985141 0.204902 0.971780 0.226471 0.957336 0.202941 0.956975 0.177451 0.957697 0.159804 0.963475 0.151961 0.964558 0.148039 0.945419 0.122549
0 0.385526 0.276850 0.390753 0.266834 0.392700 0.267112 0.396082 0.282137 0.397107 0.277963 0.397722 0.269894 0.400386 0.264608 0.400694 0.286311 0.385321 0.287423
0 0.402231 0.265442 0.402846 0.286032 0.405716 0.280746 0.404281 0.267947
