0 0.015053 0.060453 0.000000 0.034766 0.001715 0.457852 0.028392 0.435272 0.032203 0.403661 0.001080 0.409682 0.003620 0.382587 0.044906 0.366028 0.042365 0.343449 0.045541 0.295279 0.003620 0.332912 0.002350 0.305816 0.017594 0.296785 0.018864 0.259152 0.015053 0.227541 0.023946 0.198940 0.025851 0.186898 0.048717 0.197435 0.051258 0.176361 0.027757 0.168834 0.015053 0.165824 0.018229 0.153781 0.019499 0.137223
0 0.164317 0.590318 0.160506 0.676120 0.000445 0.710742 0.000445 0.605371
0 0.991298 0.378071 0.987487 0.400650 0.970973 0.396134 0.960175 0.394629 0.941756 0.421724 0.916984 0.424735 0.904916 0.426240 0.878239 0.453336 0.871253 0.481936 0.863631 0.506021 0.858549 0.527095 0.863631 0.555696 0.867442 0.567738 0.875064 0.585802 0.887132 0.597844 0.896659 0.602360 0.901740 0.611392 0.903646 0.627950 0.887132 0.652035 0.866806 0.668593 0.866171 0.680636 0.889672 0.686657 0.900470 0.674615 0.907457 0.668593 0.903011 0.516558 0.909997 0.521074 0.909362 0.582791 0.910633 0.617413 0.924606 0.620424 0.926512 0.612897 0.923336 0.495484 0.914444 0.469894 0.934134 0.475915 0.934134 0.495484 0.934134 0.531611 0.936039 0.590318 0.936674 0.626445 0.939215 0.662572 0.960810 0.668593 0.957635 0.611392 0.956999 0.593329 0.985582 0.593329 0.998920 0.603866 0.999555 0.385597
0 0.976054 0.691173 0.981136 0.716763 0.995744 0.731816 0.997650 0.706226 0.990028 0.695689
0 0.903646 0.715258 0.882685 0.742353 0.864901 0.758911 0.852198 0.761922 0.854103 0.779986 0.877604 0.790523 0.895389 0.805576 0.909362 0.819123
0 0.671811 0.397640 0.665460 0.409682 0.669906 0.433767 0.664190 0.439788 0.661014 0.466883 0.663554 0.510537 0.661014 0.528601 0.657203 0.545159 0.658473 0.563223 0.679433 0.579781 0.688961 0.590318 0.702934 0.621929 0.706745 0.630961 0.725165 0.612897 0.746126 0.606876 0.758194 0.612897 0.782330 0.618919 0.788681 0.615908 0.788681 0.579781 0.793763 0.566233 0.812818 0.560212 0.809642 0.516558 0.792492 0.487958 0.777248 0.475915 0.757558 0.478926 0.744220 0.480431 0.728976 0.456346 0.720719 0.441293 0.711827 0.472905 0.694042 0.462368 0.690866 0.432262
0 0.632431 0.525590 0.626715 0.521074 0.624174 0.542148 0.625445 0.560212 0.639418 0.578276 0.642594 0.569244 0.642594 0.543654 0.641324 0.527095
0 0.559388 0.293774 0.556847 0.311838 0.551766 0.337428 0.548590 0.358502 0.542873 0.385597 0.537792 0.409682 0.536522 0.430756 0.533981 0.445809 0.530805 0.472905 0.530170 0.496989 0.528265 0.515053 0.527630 0.522579 0.526359 0.540643 0.527630 0.563223 0.528265 0.576770 0.531441 0.588813 0.540333 0.588813 0.540968 0.594834 0.550495 0.600855 0.558753 0.579781 0.567010 0.572254 0.580983 0.558707 0.590511 0.539138 0.598768 0.519569 0.605119 0.475915 0.603849 0.427746 0.596862 0.390113 0.593051 0.364523 0.583524 0.340438 0.571456 0.296785
0 0.152248 0.171845 0.129383 0.177866 0.116679 0.168834 0.095719 0.177866 0.105246 0.195930 0.095084 0.200446 0.103976 0.224530 0.130018 0.263668 0.116679 0.277216 0.097624 0.245605 0.091908 0.254636 0.086827 0.271195 0.079840 0.299795 0.096989 0.344954 0.105246 0.350975 0.073488 0.313343 0.062055 0.352481 0.061420 0.391618 0.077934 0.430756 0.095719 0.453336 0.116044 0.474410 0.125572 0.484947 0.133829 0.516558 0.154154 0.552685 0.166222 0.561717 0.162411 0.534622 0.163681 0.498495 0.168763 0.486452 0.172574 0.450325 0.178290 0.329901 0.180196 0.293774 0.166857 0.266679 0.184007 0.221520 0.172574 0.191414
0 0.199886 0.292269 0.192899 0.545159 0.197980 0.549675 0.208143 0.552685 0.223387 0.564728 0.235455 0.563223 0.250699 0.558707 0.260226 0.558707 0.269754 0.554191 0.275470 0.534622 0.280551 0.513548 0.281822 0.500000 0.286268 0.504516 0.298336 0.521074 0.311039 0.545159 0.326283 0.551180 0.350419 0.579781 0.362487 0.567738 0.373920 0.558707 0.382177 0.549675 0.384083 0.537632 0.380272 0.534622 0.389164 0.525590 0.378366 0.501505 0.390434 0.459357 0.396151 0.448820 0.373285 0.411187 0.351054 0.429251 0.351122 0.409013 0.330276 0.408190 0.322980 0.401602 0.319505 0.374430 0.306303 0.366196 0.285109 0.365372 0.280592 0.383487 0.284066 0.418071 0.283719 0.441126 0.281634 0.441950 0.271559 0.394192 0.264610 0.366196 0.257661 0.355491 0.242026 0.335729 0.229171 0.320908 0.219443 0.314321 0.212494 0.300323
0 0.189910 0.594281 0.185046 0.665917 0.417136 0.605808 0.420263 0.602515 0.423390 0.593457 0.426864 0.590164 0.435897 0.588517 0.440762 0.589340 0.447015 0.590164 0.451532 0.591810 0.451532 0.581106 0.438330 0.581106 0.403933 0.579459 0.382739 0.584400 0.345911 0.587693 0.298659 0.588517 0.280939 0.591810 0.232645 0.595104 0.211452 0.594281
0 0.425591 0.468369 0.420880 0.468783 0.422276 0.484908 0.423497 0.486149 0.425416 0.486562 0.420706 0.494005 0.417914 0.496072 0.422799 0.502274 0.423671 0.515505 0.420706 0.517573 0.414599 0.528736 0.422101 0.533698 0.423323 0.537419 0.421403 0.547756 0.422450 0.557679 0.427510 0.566776 0.432918 0.571737 0.448446 0.571737 0.447224 0.551477 0.446526 0.546516 0.450365 0.541967 0.451062 0.534111 0.447573 0.521294 0.445131 0.505995 0.446875 0.496485 0.446352 0.487389 0.442165 0.479120 0.435012 0.472091 0.429603 0.466715
0 0.462926 0.498966 0.462403 0.558920 0.460484 0.552304 0.456645 0.542794 0.456645 0.531631 0.461007 0.515505 0.461530 0.508890
0 0.465369 0.501861 0.465369 0.567603 0.470952 0.567189 0.475488 0.561401 0.474964 0.553131 0.473743 0.539487 0.473917 0.527496 0.472871 0.518813 0.470254 0.510544
0 0.477058 0.546102 0.475313 0.544035 0.478279 0.532044 0.484036 0.529977 0.483339 0.548583 0.484385 0.558920 0.483862 0.569670 0.483513 0.573391 0.482292 0.573391 0.479849 0.564708 0.479849 0.553958
0 0.523778 0.577195 0.517133 0.575033 0.514527 0.572254 0.507492 0.573798 0.501107 0.573798 0.500717 0.568858 0.499153 0.554963 0.499935 0.549713 0.505798 0.547861 0.511140 0.546626 0.515309 0.546008 0.521302 0.553728 0.525732 0.550331 0.524429 0.540759 0.523126 0.538289 0.523126 0.526864 0.527556 0.522541 0.527035 0.553419 0.527165 0.571019
