0 0.126484 0.516851 0.130345 0.528646 0.139996 0.528646 0.149648 0.535386 0.155439 0.537071 0.195332 0.532016 0.195975 0.506740 0.186324 0.496630 0.176672 0.494945 0.161873 0.498315 0.144500 0.496630
0 0.000245 0.019650 0.000953 0.040071 0.016903 0.078128 0.024701 0.088338 0.033207 0.085553 0.037460 0.085553 0.034625 0.103189 0.029663 0.108759 0.023637 0.102261 0.015840 0.086482 0.008751 0.070702 0.004498 0.061420 0.000953 0.064204 0.002371 0.083697 0.003434 0.102261 0.001662 0.108759 0.000953 0.117113 0.002017 0.139390 0.003080 0.150528 0.011941 0.168164 0.019739 0.175590 0.028954 0.174662 0.035688 0.181159 0.047739 0.183016 0.062625 0.176518 0.067377 0.165094 0.076135 0.155732 0.083820 0.154796 0.093829 0.152924 0.095438 0.136542 0.086680 0.124840 0.081676 0.138882 0.077029 0.135137 0.068628 0.135605 0.061121 0.144967 0.055044 0.151988 0.053257 0.133733 0.047895 0.133733 0.044142 0.130925 0.048789 0.115946 0.056832 0.099564 0.063266 0.106117 0.067377 0.102840 0.068628 0.087862 0.068807 0.079437 0.056474 0.063990 0.041103 0.056501 0.044320 0.038714 0.044320 0.030757 0.048431 0.020459 0.055402 0.014843 0.061836 0.001268 0.015544 0.000800 0.022158 0.015311 0.024124 0.020459 0.022336 0.027949 0.022336 0.039650 0.021621 0.048076 0.019298 0.045735 0.015008 0.033097 0.012685 0.027012 0.010004 0.024672
0 0.000173 0.183817 0.000888 0.223135 0.005714 0.233433 0.004999 0.241858 0.006786 0.255432 0.000888 0.243262 0.000000 0.257552 0.010182 0.289133 0.019834 0.302707 0.023766 0.299431 0.032167 0.300835 0.023230 0.305048 0.027162 0.318622 0.021800 0.326111 0.017689 0.327983 0.017332 0.315345 0.010004 0.304112 0.002676 0.301303 0.000173 0.303175 0.000352 0.321430 0.000531 0.327515 0.004463 0.329856 0.012327 0.330792 0.017868 0.332196 0.020013 0.338281 0.018404 0.341557 0.008216 0.337813 0.002676 0.337345 0.000000 0.338746 0.000000 0.338746 0.002139 0.350451 0.009646 0.358408 0.015187 0.360280 0.017689 0.364961 0.020549 0.372918 0.029486 0.386492 0.035205 0.383684 0.044499 0.368706 0.039852 0.352323 0.037350 0.345302 0.041461 0.340153 0.044499 0.342494 0.049146 0.350451 0.056474 0.349515 0.056296 0.341089 0.056117 0.335004 0.060049 0.321430 0.065053 0.305984 0.073990 0.300835 0.079531 0.299431 0.089361 0.295218 0.094008 0.281644 0.093651 0.268538 0.091506 0.263389 0.078995 0.270410 0.069700 0.277899 0.067734 0.277431 0.055223 0.254964 0.050219 0.262921 0.042354 0.285389 0.035741 0.282580 0.031809 0.265730 0.031452 0.254028 0.031452 0.238581 0.037350 0.226880 0.042533 0.250283 0.045929 0.254028 0.058977 0.246539 0.062372 0.238581 0.064160 0.226880 0.065053 0.216582 0.069164 0.223135 0.077922 0.228752 0.084893 0.209561 0.080424 0.193178 0.074526 0.197391 0.052363 0.199263 0.052542 0.207689 0.055938 0.230156 0.044499 0.225475 0.037886 0.217986 0.024481 0.207689 0.019655 0.202072 0.013042 0.191306 0.003927 0.183817 0.000000 0.182715
0 0.022694 0.409896 0.030379 0.399598 0.034848 0.399598 0.037886 0.402875 0.043069 0.408024 0.045393 0.405683 0.045393 0.387429 0.049682 0.384152 0.054866 0.382280 0.056474 0.369642 0.057725 0.351855 0.074884 0.351855 0.074169 0.365897 0.073454 0.372450 0.072739 0.381344 0.067198 0.394918 0.063266 0.403811 0.056117 0.412236 0.050576 0.418321 0.044499 0.425810 0.033060 0.433768 0.030915 0.433300 0.022872 0.425810 0.021443 0.418789
0 0.232096 0.509383 0.233558 0.504404 0.239115 0.507085 0.247743 0.505170 0.252861 0.504404 0.254031 0.507468 0.253007 0.512446 0.245988 0.515893 0.240139 0.515893 0.234289 0.514361
0 0.243648 0.194200 0.236921 0.203774 0.239846 0.219858 0.236336 0.224454 0.240139 0.239390 0.244087 0.246283 0.245842 0.245517 0.245549 0.231730 0.249205 0.228284 0.251399 0.221773 0.248913 0.219475 0.247012 0.203391
0 0.230779 0.244368 0.237653 0.271942 0.240139 0.277304 0.242332 0.287261 0.241308 0.289559 0.242332 0.299516 0.246573 0.299516 0.245988 0.282665 0.251691 0.275389 0.249790 0.262751 0.245403 0.265049 0.241893 0.267730 0.236775 0.249347
0 0.228440 0.293388 0.234143 0.305260 0.237799 0.316750 0.239115 0.307558 0.251253 0.304877 0.257394 0.307175 0.255055 0.319813 0.252422 0.328622 0.247304 0.341642 0.238969 0.332834 0.233412 0.325941 0.231657 0.315601 0.228440 0.306792
0 0.223906 0.330153 0.228147 0.333600 0.230048 0.341260 0.232096 0.347387 0.234289 0.345855 0.231949 0.340111 0.231949 0.332834 0.235898 0.334366 0.238969 0.338579 0.240724 0.343174 0.238238 0.347387 0.233704 0.351600 0.235167 0.358110 0.236775 0.359642 0.238530 0.353515 0.244526 0.350834 0.245988 0.346621 0.247597 0.348153 0.248474 0.358493 0.254470 0.348919 0.257541 0.347004 0.256225 0.359259 0.252276 0.367684 0.251837 0.376110 0.248328 0.386833 0.245842 0.396407 0.240285 0.392960 0.238530 0.391428 0.243794 0.387982 0.245842 0.376493 0.245842 0.372280 0.245111 0.368833 0.243356 0.367684 0.240577 0.375344 0.237506 0.376110 0.232973 0.369982 0.231072 0.367684 0.230195 0.362706 0.225661 0.352749 0.223614 0.348153 0.222152 0.342791 0.223175 0.341642 0.223614 0.338962
0 0.217472 0.374195 0.217618 0.386833 0.212207 0.383386 0.209721 0.391428 0.212939 0.403683 0.215863 0.415555 0.220397 0.421300 0.224491 0.425896 0.227709 0.430108 0.229756 0.432406 0.231511 0.442746 0.237945 0.446193 0.241308 0.458831 0.247743 0.459980 0.248620 0.453086 0.247743 0.441597 0.244964 0.429725 0.241308 0.422832 0.234143 0.423598 0.231072 0.423215 0.231803 0.420917 0.234874 0.417087 0.234582 0.411343 0.230633 0.404832 0.232388 0.398705 0.224930 0.394109 0.224053 0.399854 0.226100 0.413641 0.221713 0.411343 0.218788 0.397939 0.221420 0.393726 0.228001 0.387216 0.228147 0.384152 0.223029 0.379939
0 0.321446 0.406364 0.320715 0.401386 0.324224 0.399854 0.326564 0.402534 0.328026 0.396407 0.325394 0.382237 0.323493 0.374961 0.329050 0.375344 0.332998 0.371131 0.330805 0.365387 0.330512 0.351600 0.331390 0.346621 0.333291 0.346238 0.334461 0.344706 0.334900 0.333983 0.335631 0.330153 0.337093 0.327473 0.341188 0.315984 0.342358 0.311388 0.343527 0.320196 0.344844 0.315601 0.343235 0.305260 0.344405 0.297601 0.346160 0.294154 0.347476 0.287644 0.349377 0.281899 0.351863 0.287644 0.353764 0.301431 0.353764 0.308707 0.357420 0.319047 0.358590 0.326324 0.352302 0.325558 0.350985 0.338579 0.357274 0.337813 0.359321 0.347770 0.359760 0.356961 0.358005 0.360791 0.356396 0.365769 0.357274 0.373429 0.358005 0.377642 0.358151 0.381088 0.358444 0.386450 0.354203 0.386450 0.349669 0.387216 0.347476 0.389131 0.342796 0.387599 0.337678 0.386833 0.336508 0.387599 0.336216 0.367301 0.335631 0.363855 0.333876 0.378790 0.333876 0.385301 0.331975 0.395258 0.329927 0.403300 0.329781 0.408279 0.329927 0.412109 0.329927 0.424747 0.327734 0.431640 0.325102 0.426279 0.322323 0.418236
0 0.336508 0.393343 0.337970 0.403300 0.337678 0.410960 0.336654 0.411726 0.337093 0.422449 0.336216 0.426662 0.335923 0.436236 0.336654 0.441597 0.337386 0.443512 0.339579 0.441597 0.343820 0.438917 0.345575 0.440831 0.346013 0.445810 0.345721 0.450023 0.347476 0.453086 0.348207 0.455001 0.351717 0.455384 0.353618 0.452320 0.355811 0.442746 0.355958 0.433172 0.355373 0.428576 0.355958 0.423598 0.357420 0.420151 0.360198 0.412492 0.361661 0.405981 0.361953 0.399471 0.360491 0.392960 0.358590 0.400237 0.356250 0.397173 0.349523 0.397173 0.347915 0.394109 0.343527 0.394875
0 0.376869 0.332068 0.379794 0.320196 0.381841 0.333983
0 0.376284 0.338962 0.382426 0.339345 0.382719 0.345089 0.383304 0.358876 0.383596 0.384152 0.383011 0.409811 0.379940 0.411343 0.379648 0.443512 0.379355 0.452703 0.376138 0.459980 0.372921 0.451554 0.368534 0.445044 0.364732 0.441214 0.362538 0.435853 0.358444 0.427044 0.361661 0.426662 0.360783 0.419002 0.360930 0.412875 0.362831 0.409428 0.364585 0.400620 0.365902 0.394109 0.367364 0.386833 0.367656 0.378790 0.368095 0.373046 0.369411 0.369982 0.371897 0.366152 0.375407 0.358876 0.374383 0.353132 0.375261 0.347004 0.373652 0.340494
0 0.390469 0.361557 0.390031 0.450406 0.393394 0.456916 0.397927 0.445810 0.400706 0.423981 0.399828 0.414789 0.399243 0.393726 0.397635 0.382237 0.396319 0.373046 0.394710 0.362706 0.392663 0.354663
0 0.387544 0.396407 0.385790 0.397556 0.385497 0.442363 0.387398 0.445044
0 0.410796 0.376493 0.407725 0.412492 0.403484 0.427427 0.403777 0.439299 0.407433 0.448874 0.412990 0.454235 0.415914 0.451554 0.417377 0.447342 0.417962 0.436619 0.419716 0.435087 0.421033 0.453469 0.422349 0.450023 0.423665 0.447342 0.426005 0.445810 0.428052 0.447725 0.428783 0.443129 0.426736 0.437002 0.425566 0.427810 0.424688 0.421300 0.423665 0.414789 0.421764 0.407513 0.420448 0.403300 0.420009 0.396407 0.417962 0.411726 0.417084 0.404066 0.415037 0.393726 0.414306 0.387216
0 0.430538 0.414407 0.430538 0.433938 0.433024 0.435853 0.433901 0.439682 0.435802 0.441597 0.436241 0.433172 0.434048 0.426279 0.431854 0.416704
0 0.339872 0.473001 0.343820 0.471469 0.346452 0.472618 0.350693 0.478745 0.353618 0.488319 0.351278 0.492532 0.346598 0.488319 0.342065 0.486022 0.339579 0.480277
0 0.479988 0.322751 0.474816 0.342184 0.471893 0.355728 0.475266 0.375160 0.475715 0.391060 0.475266 0.401659 0.472567 0.407548 0.471893 0.413437 0.473917 0.424625 0.473467 0.444647 0.474141 0.455246 0.477514 0.461135 0.483585 0.455835 0.486284 0.445824 0.485384 0.406370 0.485384 0.365150 0.485384 0.348662 0.487183 0.343362 0.486059 0.339829 0.485384 0.327462 0.482461 0.321574
0 0.481337 0.466435 0.476840 0.471146 0.476165 0.485278 0.484035 0.489989 0.485384 0.489400 0.486059 0.472323 0.484935 0.471734
0 0.488675 0.469480 0.492810 0.474156 0.491400 0.479079 0.490836 0.487693 0.488581 0.488186
0 0.504370 0.468741 0.499671 0.473910 0.499671 0.490155 0.503806 0.509107 0.511419 0.520429 0.515931 0.524367 0.516306 0.518706 0.522791 0.520183 0.523543 0.527321 0.526816 0.536402 0.534443 0.542201 0.537641 0.542201 0.545268 0.559597 0.565688 0.576992 0.571838 0.575060 0.592012 0.580858 0.593980 0.589878 0.596686 0.598898 0.603329 0.604697 0.610955 0.602120 0.619812 0.606630 0.634573 0.621448 0.643430 0.625314 0.650319 0.631113 0.658683 0.638200 0.668032 0.647864 0.679595 0.655596 0.691404 0.662683 0.701245 0.672347 0.711332 0.683944 0.717974 0.690387 0.733720 0.705850 0.752909 0.719380 0.765456 0.730333 0.777757 0.741286 0.801129 0.749662 0.816136 0.775433 0.875920 0.841795 0.892403 0.829554 0.937917 0.886251 0.966947 0.905580 0.999582 0.923671 0.999582 0.607918 0.975804 0.591811 0.950956 0.589234 0.943329 0.589878 0.950218 0.619515 0.959567 0.656884 0.963749 0.680079 0.959567 0.680723 0.926108 0.637556 0.908148 0.627891 0.876412 0.626603 0.858452 0.624670 0.863618 0.616294 0.862634 0.598898 0.855008 0.604053 0.840493 0.608563 0.828192 0.596965 0.817613 0.595033 0.814168 0.601475 0.800883 0.600831 0.781940 0.592455 0.775543 0.587945 0.763980 0.579570 0.755123 0.571838 0.745529 0.571194 0.733966 0.564751 0.724371 0.549932 0.714776 0.542201 0.707149 0.539624 0.684023 0.529315 0.677381 0.523517 0.669016 0.515785 0.657207 0.511275 0.647366 0.511275 0.640232 0.511919 0.631621 0.506765 0.622764 0.502899 0.608249 0.509986 0.602099 0.504188 0.594226 0.499034 0.586353 0.493879 0.576758 0.487436 0.558061 0.483571 0.549696 0.482282 0.544038 0.479705 0.539855 0.477772 0.534197 0.476483 0.534197 0.486148 0.529030 0.484859 0.524602 0.485504 0.523372 0.482926 0.519436 0.477772 0.512301 0.471329 0.509349 0.468108
0 0.520912 0.144675 0.519190 0.165292 0.520420 0.176245 0.518944 0.173024 0.516729 0.173668 0.516729 0.187198 0.518206 0.193641 0.518452 0.199439 0.515745 0.202017 0.515991 0.213614 0.518944 0.218768 0.518452 0.227788 0.517221 0.229721 0.515745 0.234231 0.517221 0.248405 0.521404 0.249694 0.523864 0.242607 0.527062 0.236164 0.528292 0.232298 0.529768 0.227788 0.530753 0.216191 0.529522 0.209104 0.526078 0.203949 0.524848 0.200728 0.525094 0.192997 0.526570 0.182044 0.525586 0.174957 0.525340 0.164004 0.524602 0.151762
0 0.511809 0.234231 0.515499 0.243251 0.517467 0.249050 0.519682 0.258714 0.520666 0.266445 0.517221 0.261291 0.514515 0.254204 0.512793 0.247117
0 0.513790 0.263477 0.513225 0.272653 0.509834 0.260516 0.506217 0.264365 0.509043 0.277390 0.511643 0.286270 0.514695 0.291007 0.516616 0.292783 0.517295 0.295151 0.519103 0.296039 0.519442 0.287751 0.519103 0.284494 0.519668 0.283310 0.521025 0.280942 0.522720 0.277094 0.521590 0.270581 0.517860 0.267029 0.515599 0.263477
0 0.524190 0.276206 0.525546 0.271765 0.528146 0.262884 0.533233 0.253708 0.534363 0.255188 0.534024 0.259332 0.532102 0.269101 0.530181 0.276798 0.528711 0.285086 0.526111 0.293967 0.521929 0.299888 0.524077 0.289527
0 0.507800 0.298111 0.511643 0.297519 0.514017 0.298111 0.515034 0.308768 0.517521 0.310248 0.518425 0.301664 0.518425 0.297223 0.520120 0.304920 0.520234 0.309360 0.523059 0.309064 0.524416 0.294263 0.528146 0.297815 0.529276 0.307880 0.527355 0.312025 0.523059 0.316761 0.521138 0.314097 0.519216 0.316761 0.518651 0.322089 0.519442 0.325938 0.521816 0.335114 0.522720 0.339851 0.522155 0.343995 0.521025 0.346955 0.520347 0.349028 0.519668 0.352876 0.522494 0.355244 0.523512 0.354948 0.524303 0.354356 0.524529 0.342811 0.525998 0.333042 0.527694 0.327714 0.530181 0.316465 0.530407 0.312913 0.531876 0.308472 0.534250 0.316465 0.535154 0.321201 0.537980 0.328602 0.538658 0.335706 0.535720 0.330970 0.534137 0.330970 0.531650 0.341627 0.530520 0.348732 0.529955 0.353468 0.531198 0.359980 0.531311 0.362941 0.534250 0.355244 0.537754 0.351692 0.538432 0.355836 0.536624 0.364717 0.535154 0.370933 0.532894 0.379814 0.531311 0.387511 0.529842 0.390767 0.528937 0.392247 0.527355 0.394911 0.527355 0.394615 0.526564 0.406160 0.526564 0.409713 0.526451 0.420369 0.528485 0.421850 0.528485 0.414153 0.528711 0.399944 0.531085 0.394319 0.534702 0.389879 0.537641 0.385735 0.543180 0.382182 0.543519 0.387807 0.541032 0.395207 0.538658 0.404384 0.535833 0.415041 0.533798 0.423330 0.531311 0.429250 0.530294 0.436947 0.529616 0.448196 0.530633 0.452044 0.531876 0.455892 0.531537 0.460925 0.531085 0.463293 0.527355 0.462701 0.525094 0.462997 0.522833 0.456484 0.520460 0.440795 0.520347 0.430138 0.521138 0.423034 0.521703 0.410897 0.518877 0.401424 0.517747 0.395503 0.517295 0.388695 0.516390 0.374190 0.514808 0.367085 0.514017 0.360573 0.514130 0.355540 0.516503 0.345179 0.516277 0.334818 0.514130 0.328306 0.512095 0.323865 0.510399 0.319129 0.510738 0.315873 0.510965 0.312025 0.506895 0.305808 0.506217 0.302848 0.507121 0.300776
0 0.545215 0.466845 0.544423 0.461813 0.541258 0.447308 0.538885 0.438723 0.539676 0.433987 0.543519 0.419185 0.543632 0.413265 0.540467 0.399056 0.540806 0.395799 0.550301 0.388103 0.549284 0.377446 0.549849 0.372710 0.552110 0.368861 0.554710 0.365605 0.556518 0.362349 0.559005 0.356132 0.561944 0.347843 0.562735 0.341035 0.569857 0.349028 0.566352 0.357020 0.564657 0.362053 0.562057 0.368861 0.559118 0.377742 0.556970 0.383070 0.552336 0.395207 0.550527 0.400832 0.549058 0.405568 0.548267 0.410601 0.547588 0.420073 0.547588 0.433098 0.549736 0.436651 0.553127 0.441683 0.555614 0.447012 0.555275 0.451748 0.551658 0.463885 0.549736 0.467437
0 0.545441 0.077277 0.542163 0.090302 0.542389 0.099479 0.544084 0.105103 0.544197 0.116056 0.543180 0.123457 0.541258 0.124049 0.539337 0.126121 0.537867 0.135594 0.537076 0.141218 0.537980 0.145067 0.540015 0.151579 0.537754 0.151283 0.534250 0.148915 0.536398 0.160460 0.538432 0.166973 0.541145 0.174373 0.544423 0.174669 0.547927 0.174965 0.551658 0.174077 0.555388 0.163124 0.556179 0.155132 0.555275 0.153059 0.549171 0.156316 0.548493 0.151283 0.550301 0.136186 0.552788 0.125529 0.555953 0.116352 0.555275 0.108064 0.554710 0.108064 0.549849 0.113984 0.549058 0.106288 0.547136 0.099183 0.546571 0.091782 0.546571 0.085566 0.547023 0.076685
0 0.533798 0.170525 0.534928 0.188286 0.536285 0.198055 0.539224 0.210192 0.542389 0.220257 0.542615 0.222921 0.539337 0.218185 0.533798 0.216409 0.532328 0.212856 0.531537 0.221737 0.532441 0.229138 0.532328 0.236834 0.535720 0.250747 0.538206 0.259036 0.539337 0.266141 0.540467 0.272061 0.541937 0.278278 0.542728 0.288639 0.542163 0.292487 0.540580 0.296631 0.538319 0.294263 0.534702 0.284790 0.532555 0.280350 0.531650 0.288343 0.532215 0.298999 0.534137 0.308176 0.536059 0.314393 0.539111 0.325346 0.539450 0.331858 0.539111 0.336595 0.537867 0.338667 0.538093 0.346955 0.538885 0.350508 0.540467 0.349028 0.541937 0.347547 0.542728 0.344883 0.542841 0.343995 0.542276 0.333634 0.545893 0.333634 0.549397 0.331562 0.551658 0.327714 0.553918 0.322089 0.554258 0.320313 0.559344 0.314097 0.561040 0.307880 0.562622 0.300184 0.557536 0.290711 0.555727 0.302552 0.552336 0.311136 0.550075 0.315873 0.547927 0.320017 0.544536 0.323273 0.543180 0.322385 0.544649 0.312321 0.548267 0.307880 0.548380 0.300480 0.547588 0.293671 0.547701 0.287454 0.544875 0.281238 0.544762 0.276502 0.545102 0.270285 0.542502 0.261108 0.543067 0.254892 0.544197 0.251043 0.545102 0.247195 0.544875 0.238906 0.543293 0.240683 0.541145 0.235946 0.540467 0.233282 0.543067 0.230322 0.543858 0.227954 0.547475 0.226769 0.549510 0.224105 0.550753 0.223217 0.555275 0.218481 0.557649 0.214040 0.559344 0.209600 0.560248 0.201015 0.554597 0.200127 0.552675 0.200127 0.549058 0.209304 0.546345 0.216705 0.544423 0.217593 0.543067 0.215225 0.544762 0.211376 0.548267 0.203384 0.548945 0.197463 0.546797 0.191839 0.543519 0.191839 0.541937 0.190358 0.540128 0.177925 0.537189 0.170821
0 0.547927 0.230914 0.546571 0.241275 0.548041 0.244827 0.551092 0.245715 0.552449 0.239203 0.550979 0.233282
0 0.573813 0.154836 0.571891 0.167269 0.570535 0.178814 0.570761 0.190358 0.574830 0.207528 0.576752 0.211080 0.578899 0.212560 0.581273 0.217297 0.582517 0.226769 0.584099 0.235650 0.586925 0.249563 0.588960 0.258444 0.591333 0.274133 0.585456 0.281830 0.584664 0.280942 0.584212 0.306992 0.587829 0.308176 0.596194 0.293967 0.599924 0.293375 0.598907 0.283014 0.598455 0.273541 0.597664 0.267325 0.592577 0.250155 0.591107 0.241867 0.590090 0.232394 0.590655 0.220849 0.589073 0.210192 0.586473 0.200127 0.586699 0.185622 0.586586 0.182070 0.584099 0.174669 0.580369 0.164604 0.578560 0.160756
0 0.582969 0.132634 0.586699 0.157204 0.588734 0.171709 0.589525 0.179998 0.592125 0.191839 0.592916 0.199535 0.593707 0.214632 0.593707 0.219369 0.594272 0.226177 0.595064 0.233578 0.596759 0.243347 0.598455 0.246011 0.599246 0.245419 0.600263 0.230914 0.600263 0.224697 0.600376 0.216705 0.598342 0.207824 0.600263 0.207824 0.606141 0.205752 0.605350 0.212264 0.603428 0.221145 0.602524 0.232986 0.602637 0.246307 0.601733 0.254300 0.601620 0.258444 0.602524 0.265253 0.603994 0.274133 0.605576 0.286270 0.606141 0.287158 0.606480 0.276502 0.610437 0.269101 0.612019 0.271173 0.614054 0.271469 0.619027 0.263180 0.618801 0.253708 0.618462 0.248379 0.613828 0.256964 0.610663 0.257260 0.610098 0.257260 0.614393 0.242755 0.616654 0.234762 0.617897 0.232986 0.618801 0.232690 0.620045 0.232098 0.622758 0.233282 0.624905 0.230026 0.625018 0.223217 0.626940 0.216113 0.628862 0.213744 0.632705 0.207528 0.635870 0.194207 0.641296 0.184142 0.641974 0.170821 0.638809 0.160460 0.633496 0.160756 0.628749 0.173189 0.627618 0.176149 0.626827 0.168453 0.621288 0.162828 0.621288 0.189470 0.621740 0.201311 0.620610 0.212264 0.619932 0.214929 0.618914 0.214929 0.615862 0.225585 0.612358 0.240387 0.610889 0.242459 0.614506 0.222921 0.616880 0.213448 0.618462 0.204864 0.618123 0.198647 0.610211 0.193911 0.617219 0.177925 0.618462 0.168453 0.617219 0.156908 0.615523 0.150099 0.610550 0.150691 0.598907 0.167861 0.600037 0.156908 0.603541 0.154244 0.604785 0.150099 0.602411 0.140922 0.601055 0.135890 0.600037 0.131450 0.598342 0.129970 0.594385 0.138258 0.591786 0.131450 0.591447 0.127897 0.584890 0.130562
0 0.599698 0.312913 0.599698 0.322089 0.599924 0.330378 0.599811 0.341035 0.597777 0.349324 0.595742 0.351988 0.592916 0.350212 0.590881 0.346955 0.591107 0.343699 0.589412 0.338075 0.587829 0.329786 0.587151 0.318241 0.587603 0.315577 0.593368 0.311432 0.595742 0.310544 0.597211 0.309952
0 0.604637 0.306594 0.608212 0.294786 0.610856 0.288678 0.613499 0.287864 0.621739 0.294786 0.624693 0.292343 0.628891 0.282571 0.630446 0.273206 0.631690 0.268320 0.632778 0.263434 0.633244 0.256512 0.635266 0.247961 0.639619 0.243075 0.641174 0.235746 0.645216 0.230860 0.651280 0.230046 0.652835 0.234932 0.654545 0.247961 0.655167 0.266284 0.654856 0.271577 0.654234 0.280128 0.651435 0.292750 0.647082 0.299672 0.644750 0.304151 0.644750 0.316366 0.642418 0.324916 0.638064 0.333060 0.633089 0.339575 0.627492 0.344053 0.624538 0.346904 0.619096 0.356269 0.613343 0.362783 0.607591 0.370520 0.606191 0.377849 0.607435 0.389657 0.610545 0.401465 0.613032 0.410830 0.614587 0.424673 0.609767 0.438110 0.604792 0.451547 0.601216 0.465390 0.601216 0.471091 0.602926 0.469869 0.604481 0.469055 0.606658 0.469869 0.607435 0.482084 0.602771 0.486563 0.595152 0.484527 0.593287 0.478827 0.595619 0.461319 0.598573 0.448289 0.599661 0.436888 0.596552 0.425081 0.590022 0.413680 0.597329 0.407572 0.597329 0.403908 0.598262 0.394543 0.595463 0.389249 0.594064 0.382735 0.594530 0.369298 0.596085 0.363598 0.600439 0.356676 0.601993 0.350568 0.602460 0.344461 0.603082 0.330617 0.606658 0.326138 0.606036 0.318402 0.605414 0.310665
0 0.609767 0.091607 0.613965 0.086314 0.618940 0.079392 0.622205 0.072063 0.623605 0.062698 0.623605 0.053333 0.622672 0.049262 0.617541 0.048040 0.609145 0.056591 0.606658 0.061884 0.606658 0.077356 0.606191 0.081021 0.606813 0.084685
0 0.591421 0.001623 0.591421 0.008137 0.593753 0.019945 0.594841 0.027682 0.594997 0.029717 0.587534 0.029717 0.586135 0.038675 0.590022 0.044376 0.593442 0.055776 0.596707 0.063105 0.597640 0.068399 0.598728 0.076949 0.597018 0.082242 0.597018 0.094865 0.597951 0.103008 0.599817 0.102194 0.601061 0.095679 0.600128 0.085500 0.600750 0.080207 0.604792 0.067177 0.605569 0.061070 0.603548 0.056591 0.602615 0.044376 0.602615 0.040304 0.611478 0.039489 0.607591 0.025646 0.601527 0.016688 0.600594 0.009766 0.599506 0.002844 0.591904 0.000000
