0 0.001543 0.351427 0.016811 0.334751 0.028263 0.312010 0.010449 0.290785 0.016175 0.287753 0.049257 0.307462 0.054983 0.296850 0.040987 0.277141 0.036533 0.268045 0.018720 0.245304 0.010449 0.248336 0.002815 0.272593
0 0.004088 0.201339 0.014903 0.205887 0.023173 0.202855 0.042259 0.208919 0.048621 0.201339 0.049893 0.180114 0.040987 0.146761 0.025082 0.139181 0.021901 0.140697 0.033989 0.134633 0.009813 0.119472 0.023810 0.117956 0.046076 0.113408 0.051802 0.095215 0.061345 0.077023 0.072160 0.064894 0.082339 0.061862 0.100789 0.055798 0.093791 0.034573 0.081067 0.014865 0.070151 0.000000 0.000000 0.001193 0.000000 0.204371
0 0.063890 0.704666 0.061345 0.794113 0.071524 0.792597 0.073433 0.957846 0.059436 0.953298 0.044804 0.948750 0.023810 0.945718 0.019992 0.938138 0.019992 0.904785 0.027627 0.891140 0.035897 0.882044 0.040351 0.875980 0.047349 0.863851 0.051802 0.850207 0.061345 0.841111 0.070252 0.833530 0.054983 0.822918 0.049893 0.824434 0.042259 0.828982 0.038442 0.806242 0.043532 0.778953 0.043532 0.762276 0.043532 0.751664 0.048621 0.742568
0 0.102061 0.680410 0.104606 0.765308 0.095063 0.792597 0.090610 0.832014 0.092518 0.973007 0.119238 0.944202 0.126237 0.948750 0.168862 0.930557 0.193037 0.912365 0.207669 0.912365 0.234389 0.900237 0.249022 0.866883 0.256656 0.856271 0.257929 0.830498 0.255384 0.792597 0.250930 0.715279 0.252203 0.703150 0.250930 0.694054 0.243296 0.681926 0.232481 0.672829 0.222302 0.669797 0.208305 0.663733 0.197490 0.662217 0.187947 0.663733 0.175223 0.668281 0.173951 0.668281 0.162500 0.669797 0.153593 0.675861 0.140869 0.680410 0.129418 0.683442 0.122419 0.684958 0.114149 0.686474
0 0.256020 0.715279 0.257292 0.772889 0.265563 0.788049 0.269380 0.791081 0.281468 0.791081 0.297373 0.781985 0.305007 0.772889 0.332363 0.757728 0.340634 0.744084 0.341270 0.727407 0.339361 0.701634 0.334272 0.697086 0.315822 0.695570 0.306915 0.695570 0.301190 0.683442 0.288466 0.692538 0.279559 0.703150 0.270652 0.706182
0 0.196218 0.299882 0.179677 0.298366 0.182858 0.308978 0.196218 0.330203 0.185403 0.334751 0.191128 0.351427 0.195582 0.354459 0.196218 0.366588 0.190492 0.386296 0.187311 0.409037 0.193037 0.399941 0.198126 0.384780 0.207033 0.407521 0.202580 0.416617 0.189220 0.449970 0.193037 0.472711 0.206397 0.472711 0.212759 0.465131 0.212759 0.425714 0.207033 0.421166 0.212123 0.410553 0.215304 0.374168 0.214667 0.354459 0.210850 0.346879 0.209578 0.334751 0.212123 0.319590
0 0.257292 0.319590 0.263018 0.336267 0.250294 0.340815 0.250294 0.427230 0.252839 0.480291 0.257929 0.501516 0.272561 0.503032 0.278287 0.496968 0.283376 0.462099 0.281468 0.448454 0.289738 0.430262 0.297373 0.401457 0.294192 0.393877 0.302462 0.354459 0.313914 0.378716 0.313914 0.398425 0.312641 0.427230 0.320912 0.471195 0.327274 0.486356 0.333636 0.496968 0.349540 0.486356 0.357175 0.486356 0.375624 0.503032 0.390893 0.509096 0.401072 0.512128 0.406798 0.503032 0.402981 0.483323 0.394710 0.472711 0.381986 0.466647 0.365445 0.445422 0.345723 0.424198 0.353994 0.410553 0.369262 0.424198 0.383259 0.431778 0.389621 0.416617 0.400436 0.407521 0.404253 0.389329 0.400436 0.354459 0.390893 0.339299 0.374988 0.321106 0.360356 0.307462 0.357175 0.290785 0.350813 0.265013 0.343178 0.237724 0.334908 0.242272 0.329182 0.251368 0.324729 0.255916 0.319639 0.258948 0.302462 0.251368 0.297373 0.243788 0.290374 0.260465 0.278923 0.269561 0.281468 0.255916 0.280195 0.231660 0.273833 0.213467 0.265563 0.189210 0.254111 0.183146 0.252203 0.201339 0.250930 0.236208 0.252839 0.269561 0.255384 0.290785
0 0.109059 0.005769 0.117330 0.063378 0.124328 0.075507 0.142778 0.087635 0.140233 0.105828 0.156138 0.139181 0.160591 0.143729 0.167589 0.163437 0.175223 0.174050 0.177132 0.205887 0.168225 0.211951 0.166953 0.239240 0.178404 0.274109 0.187311 0.290785 0.197490 0.299882 0.201944 0.292302 0.205125 0.287753 0.207033 0.236208 0.213395 0.207403 0.213395 0.166470 0.201944 0.145245 0.184766 0.127052 0.172679 0.111892 0.165044 0.096731 0.152957 0.072475 0.145959 0.046702 0.156774 0.046702 0.163772 0.045186 0.170770 0.028509 0.173315 0.001220
0 0.333636 0.695570 0.322184 0.692538 0.323456 0.663733 0.331727 0.627348 0.338089 0.628864 0.338089 0.647057 0.340546 0.651140 0.340329 0.673856 0.339679 0.692700 0.339354 0.701477
0 0.343820 0.586236 0.344979 0.598866 0.347132 0.607943 0.347795 0.619389 0.349617 0.636754 0.349782 0.648595 0.347132 0.651357 0.347629 0.669907 0.347298 0.688851 0.346801 0.703849 0.346801 0.716873 0.354751 0.717662 0.361873 0.717268 0.371975 0.716873 0.376116 0.713321 0.384231 0.705822 0.388869 0.698718 0.394003 0.692009 0.398475 0.686483 0.403609 0.682536 0.408246 0.678984 0.413215 0.673854 0.416362 0.667144 0.420502 0.659645 0.424146 0.655699 0.426630 0.652936 0.428452 0.645043 0.430605 0.641885 0.434911 0.640701 0.442364 0.637938 0.448326 0.633202 0.453129 0.627677 0.454786 0.623730 0.455282 0.608338 0.455448 0.596498 0.453461 0.593735 0.449817 0.590972 0.445014 0.589394 0.442695 0.588604 0.441867 0.588999 0.441370 0.599260 0.437727 0.602023 0.437064 0.594919 0.437230 0.591762 0.431599 0.591367 0.429943 0.591762 0.429114 0.591762 0.427955 0.603207 0.423152 0.603996 0.420337 0.602418 0.417687 0.603602 0.412718 0.600050 0.408909 0.594524 0.406590 0.587420 0.403774 0.584657 0.393506 0.578737 0.390028 0.577948 0.384231 0.583473 0.377441 0.587420 0.369657 0.587815 0.371147 0.583473 0.369491 0.577159 0.367669 0.577553 0.365516 0.577553 0.361541 0.582684 0.359719 0.577948 0.356407 0.571239 0.353095 0.570055 0.349451 0.574396 0.349617 0.579527 0.351935 0.586236 0.350279 0.586236
0 0.937987 0.081344 0.905478 0.107874 0.902360 0.116364 0.899243 0.175793 0.893454 0.232039 0.898798 0.250080 0.904142 0.234161 0.918838 0.213998 0.927744 0.203385 0.933088 0.197018 0.920619 0.173671 0.929080 0.148201 0.938432 0.147140 0.960699 0.161997 0.958027 0.135466 0.954910 0.103629 0.956691 0.080282 0.963817 0.076037 0.962926 0.046323 0.952683 0.009180 0.945407 0.000000 0.937987 0.011302 0.939768 0.031466 0.940659 0.049507 0.937542 0.091956
0 0.876086 0.056935 0.852037 0.071792 0.851592 0.046323 0.859608 0.021914 0.871187 0.015547 0.872968 0.031466
0 0.912158 0.036772 0.907259 0.050568 0.893899 0.066486 0.883211 0.080282 0.886328 0.088772 0.899243 0.085588 0.909486 0.084527 0.913494 0.067547 0.912603 0.053751
0 0.847139 0.123793 0.838232 0.140773 0.827989 0.134405 0.838232 0.118487
0 0.827544 0.106813 0.825763 0.130160 0.820419 0.141834 0.827989 0.147140 0.828435 0.156691 0.806168 0.176855 0.804387 0.158814 0.802605 0.150324 0.804832 0.135466 0.800824 0.132283 0.785237 0.122732 0.784346 0.103629 0.789690 0.094078 0.794589 0.087711 0.800824 0.087711 0.811957 0.093017 0.818637 0.090895 0.823091 0.098323
0 0.753173 0.081344 0.757181 0.082405 0.762970 0.097262 0.767869 0.108936 0.766088 0.114242 0.765197 0.153507 0.781229 0.142895 0.792363 0.137589 0.795035 0.155630 0.785237 0.156691 0.782120 0.177916 0.765642 0.192773 0.761634 0.168365 0.754509 0.168365 0.741594 0.170487 0.736250 0.152446 0.738032 0.134405 0.746048 0.125915 0.746938 0.111058 0.748274 0.096201
0 0.775885 0.226732 0.781674 0.226732 0.784346 0.254325 0.787909 0.263876 0.792363 0.255386 0.804832 0.246896 0.805277 0.250080 0.810621 0.275549 0.798597 0.296774 0.793699 0.306325 0.783901 0.323305 0.774994 0.320121 0.772768 0.308447 0.755400 0.287223 0.756736 0.265998 0.767424 0.245835
0 0.655627 0.502151 0.658876 0.516779 0.660682 0.519791 0.661946 0.503012 0.664834 0.491826 0.669348 0.492686 0.670611 0.511616 0.672778 0.531407 0.674944 0.543453 0.673861 0.548616 0.671153 0.564534 0.672056 0.585616 0.671695 0.599813 0.670611 0.610999 0.664293 0.610139 0.662487 0.627778 0.659598 0.647569 0.657251 0.660476 0.657432 0.612290 0.655446 0.594220 0.654904 0.580883 0.654904 0.566686 0.654904 0.548616 0.654543 0.532697 0.654363 0.522372
0 0.664933 0.150930 0.658253 0.173671 0.656026 0.199444 0.661116 0.202476 0.667478 0.203992 0.673522 0.203992 0.677975 0.200960 0.675430 0.184283 0.668750 0.163816
0 0.671931 0.228249 0.664615 0.235071 0.658253 0.251747 0.666205 0.257053 0.666524 0.263118 0.670977 0.276762 0.676385 0.273730 0.678293 0.269940 0.678929 0.255537 0.678611 0.242651 0.679565 0.236587 0.684655 0.232797 0.689745 0.224458 0.688154 0.207024 0.685291 0.202476 0.680202 0.212330 0.678929 0.227490 0.677021 0.241893 0.668750 0.225974
0 0.434553 0.466148 0.428465 0.454058 0.435567 0.438946 0.432523 0.425647 0.435821 0.417788 0.438611 0.411743 0.437343 0.403885 0.440387 0.396631 0.438865 0.389377 0.434806 0.383936 0.433284 0.364592 0.437597 0.337994 0.441909 0.325300 0.443939 0.324091 0.447236 0.321068 0.453832 0.309583 0.463471 0.295679 0.466008 0.290843 0.468037 0.304747 0.468291 0.318046 0.470828 0.332554 0.474125 0.357943 0.473364 0.367615 0.462457 0.370637 0.459159 0.376682 0.467023 0.387563 0.475647 0.394213 0.478184 0.397235 0.470067 0.414161 0.467023 0.422624 0.466769 0.430483 0.464486 0.455872 0.462710 0.461917 0.460427 0.434110 0.456622 0.438341 0.456115 0.448013 0.452817 0.457081 0.451295 0.449222 0.447236 0.463730 0.439880 0.471589
0 0.490029 0.577162 0.492596 0.560694 0.496940 0.556930 0.501876 0.556460 0.504048 0.576221 0.500888 0.579514
0 0.596192 0.405224 0.593109 0.385387 0.588485 0.378775 0.587868 0.369958 0.597426 0.367019 0.602667 0.380244 0.603592 0.398611 0.599584 0.407428
0 0.638431 0.362611 0.629181 0.361142 0.629181 0.342774 0.630106 0.317794 0.630106 0.306039 0.641205 0.304570 0.649222 0.309713 0.648297 0.342040 0.647063 0.346448 0.641205 0.342774
0 0.641822 0.171589 0.628257 0.171589 0.626715 0.174528 0.633189 0.190691 0.631956 0.224488 0.627640 0.213467 0.626407 0.204651 0.629181 0.242120 0.628257 0.266365 0.622707 0.274447 0.620240 0.270039 0.614074 0.252406 0.610991 0.242855 0.609450 0.231835 0.609141 0.211263 0.609450 0.202447 0.612224 0.210528 0.616849 0.228896 0.619007 0.225222 0.615924 0.205385 0.614691 0.187018 0.612224 0.174528 0.614999 0.156160 0.618082 0.153222 0.621782 0.148813 0.628257 0.143671 0.636581 0.147344 0.642439 0.159834
0 0.649838 0.107670 0.656313 0.110609 0.660629 0.105466 0.668337 0.101058 0.671728 0.092976 0.672653 0.106201 0.678819 0.101793 0.681286 0.089303 0.683444 0.070935 0.681902 0.066527 0.669878 0.075343 0.665870 0.073139 0.667720 0.061384 0.669570 0.041547 0.668953 0.028323 0.668028 0.021710 0.659704 0.022445 0.659704 0.031261 0.659704 0.043751 0.659704 0.063588 0.655696 0.073139 0.652305 0.075343 0.651071 0.086364 0.647680 0.101793
0 0.594959 0.350856 0.589718 0.344978 0.586018 0.332488 0.583243 0.319999 0.583552 0.306774 0.586018 0.311917 0.590026 0.319999 0.594959 0.331019
