0 0.001962 0.473651 0.037696 0.450231 0.060029 0.467796 0.077258 0.463405 0.107887 0.460477 0.136601 0.478043 0.151916 0.494145 0.173611 0.523421 0.188926 0.548306 0.145535 0.548306 0.140430 0.533668 0.114906 0.523421 0.091296 0.530740 0.070239 0.539523 0.044077 0.557088 0.021743 0.558552 0.011534 0.555625 0.001962 0.549769
0 0.000048 0.552697 0.000686 0.668338 0.311441 0.587828 0.312079 0.554161
0 0.272517 0.447303 0.260393 0.466332 0.263584 0.495609 0.277622 0.523421 0.291660 0.529276 0.296127 0.523421 0.304422 0.510247 0.309527 0.479507 0.306974 0.464869 0.287831 0.448767
0 0.312630 0.420156 0.310600 0.427475 0.310310 0.450763 0.306539 0.468062 0.311760 0.500000 0.311760 0.519296 0.316401 0.450097 0.315821 0.426810
0 0.320172 0.424148 0.318431 0.528611 0.320172 0.541253 0.326262 0.543249 0.332353 0.529942 0.330033 0.505323 0.333514 0.501996 0.333224 0.481370 0.330323 0.470058 0.329453 0.456086 0.333514 0.442113 0.334094 0.429471 0.331773 0.425479 0.327423 0.424814
0 0.378761 0.464070 0.386302 0.476047 0.382531 0.500665 0.383402 0.507319 0.397324 0.498669 0.405735 0.494012 0.419367 0.488689 0.435900 0.470058 0.486281 0.409244 0.495214 0.363866 0.513719 0.327271 0.521376 0.292139 0.531586 0.258472 0.547539 0.208702 0.567320 0.153078 0.592844 0.079887 0.599225 0.006697 0.795760 0.002305 0.996124 0.002305 0.996762 0.240906 0.971238 0.249689 0.967409 0.221877 0.962942 0.180890 0.939333 0.172107 0.927209 0.150150 0.957199 0.109163 0.978257 0.069641 0.942523 0.053539 0.908704 0.050611 0.892751 0.071104 0.869780 0.094525 0.851275 0.106236 0.845532 0.097453 0.794484 0.135512 0.810436 0.158933 0.818093 0.186745 0.821922 0.216021 0.814265 0.297995 0.809160 0.375576 0.802141 0.401925 0.793207 0.419491 0.790655 0.457550 0.787465 0.483898 0.822560 0.504391 0.838513 0.530740 0.821284 0.576118 0.797036 0.590756 0.774702 0.581973 0.744074 0.584901 0.710254 0.576118 0.687283 0.574654 0.661121 0.570263 0.634958 0.570263 0.607520 0.567335 0.593482 0.542450 0.585825 0.516102 0.574339 0.517566 0.571786 0.539523 0.555196 0.523421 0.540519 0.504391 0.527757 0.510247 0.507976 0.527812 0.502871 0.532204 0.494576 0.532204 0.485005 0.535131 0.465223 0.542450 0.455652 0.543914 0.445442 0.545378 0.435871 0.548306 0.424385 0.546842 0.421660 0.545233 0.418721 0.542423 0.413495 0.541112 0.410638 0.540925 0.407127 0.541861 0.403126 0.542798 0.401085 0.546356 0.396839 0.546918 0.395778 0.545982 0.392512 0.542985 0.387776 0.540175 0.382551 0.537366 0.380183 0.530436 0.379506 0.521645
0 0.997395 0.458373 0.976656 0.473240 0.955918 0.465806 0.939716 0.483647 0.950734 0.501487 0.940364 0.520814 0.932588 0.566901 0.940364 0.586227 0.955270 0.590687 0.977953 0.602581 0.999339 0.598121
0 0.637715 0.827069 0.627994 0.806256 0.624754 0.775036 0.628642 0.723002 0.642252 0.740842 0.650677 0.772062 0.653269 0.780982 0.648084 0.818149
0 0.767329 0.969791 0.755016 0.940057 0.748535 0.873157 0.749832 0.841936 0.773162 0.856803 0.775106 0.886537
0 0.005198 0.723002 0.018159 0.694755 0.025936 0.709622 0.025288 0.749762 0.018159 0.761656 0.008438 0.758682
0 0.596239 0.709622 0.572260 0.693268 0.561891 0.669481 0.563187 0.648668 0.570316 0.663535 0.586518 0.681375 0.593646 0.690295
0 0.543097 0.642721 0.521710 0.623394 0.501620 0.589201 0.520414 0.598121 0.535320 0.614474
