0 0.319402 0.741998 0.313492 0.756902 0.314437 0.791676 0.301200 0.827159 0.326020 0.829288 0.326493 0.746966
0 0.335949 0.777482 0.345877 0.767547 0.352259 0.751224 0.368097 0.763998 0.360060 0.805869 0.363606 0.825030 0.356750 0.826450 0.341858 0.831417 0.332639 0.829998
0 0.382989 0.693031 0.381571 0.712192 0.384880 0.718579 0.390081 0.698708 0.390317 0.691612
0 0.470616 0.502737 0.469522 0.504379 0.469522 0.511495 0.470191 0.524631 0.471710 0.520800 0.471649 0.509670 0.472318 0.508028 0.472804 0.518610 0.474688 0.514779 0.475052 0.505109 0.473047 0.501460 0.469826 0.502372
0 0.603406 0.506386 0.602495 0.520982 0.603649 0.522259 0.605959 0.525179 0.608997 0.525543 0.610274 0.518610 0.608329 0.518975 0.606445 0.516603 0.605837 0.512772 0.606688 0.507116 0.605108 0.505656
0 0.608268 0.475734 0.610760 0.471537 0.613798 0.473179 0.619025 0.467158 0.619754 0.458401 0.620301 0.453657 0.617627 0.454934 0.614832 0.459313 0.611611 0.463509 0.605959 0.469530
0 0.610274 0.502007 0.607478 0.509305 0.609666 0.511859 0.610942 0.516421 0.611246 0.520252 0.612036 0.522077 0.613251 0.536673 0.614406 0.536308 0.614953 0.531564 0.615439 0.522989 0.617263 0.525179 0.623158 0.515326 0.620848 0.509123 0.617931 0.505291 0.614345 0.504196 0.613191 0.503102
0 0.609544 0.478106 0.612461 0.476281 0.613738 0.474457 0.614771 0.481937 0.614224 0.488870 0.613251 0.493797 0.609119 0.493249 0.607964 0.491607 0.608329 0.486134 0.609848 0.483944 0.610030 0.482484 0.608997 0.480660
0 0.563843 0.587943 0.561837 0.594146 0.560379 0.596700 0.557765 0.600897 0.564207 0.607100 0.568583 0.602174 0.569616 0.598525 0.569555 0.592869
0 0.571804 0.593416 0.571743 0.606553 0.573688 0.607100 0.576727 0.603086 0.575268 0.597978 0.574235 0.594876
0 0.664267 0.513390 0.661796 0.509228 0.662399 0.500000 0.661856 0.495657 0.662158 0.484620 0.663062 0.483353 0.665412 0.491315 0.666859 0.492400 0.669089 0.488058 0.666798 0.484258 0.664749 0.470868 0.664026 0.463088 0.666015 0.465983 0.667461 0.478468 0.668607 0.478830 0.667582 0.469059 0.668064 0.462726 0.669089 0.462726 0.670113 0.474668 0.671138 0.475030 0.671801 0.468878 0.672464 0.466526 0.673669 0.467611 0.673308 0.460373 0.670656 0.458021 0.667883 0.456031 0.668787 0.453860 0.668848 0.448793 0.670174 0.440289 0.671379 0.439203 0.672584 0.439022 0.673910 0.439927 0.675116 0.440289 0.677466 0.439927 0.680058 0.439746 0.682047 0.440651 0.683011 0.441736 0.682770 0.445355 0.684156 0.446803 0.685482 0.450603 0.685964 0.452955 0.682891 0.455850 0.680841 0.458202 0.680359 0.460554 0.680299 0.464173 0.680540 0.466887 0.680721 0.469783 0.680299 0.472135 0.678611 0.473401 0.676743 0.475935 0.675357 0.477382 0.673609 0.481182 0.673067 0.481725 0.670897 0.484982 0.669752 0.486610 0.666196 0.499819
0 0.677828 0.493124 0.677165 0.499638 0.680118 0.499276 0.680600 0.492581
0 0.676080 0.529675 0.678853 0.526599 0.681083 0.530217 0.684036 0.518094 0.683373 0.514837 0.680902 0.519180 0.679455 0.516466 0.678491 0.516285 0.677647 0.519723 0.676020 0.523884 0.675357 0.525694
0 0.743892 0.475713 0.744875 0.490154 0.750779 0.496390 0.750013 0.500656 0.745313 0.498031 0.744110 0.518707 0.754823 0.522646 0.754168 0.513128 0.758540 0.510174 0.759961 0.528553 0.766302 0.527897 0.768270 0.522974 0.770784 0.519364 0.771331 0.523630 0.775266 0.518379 0.776359 0.513128 0.774282 0.509518 0.770019 0.490810 0.762913 0.487857 0.759852 0.487857 0.757447 0.484903 0.759196 0.480636 0.760289 0.477354 0.755370 0.462586 0.753840 0.456350 0.750779 0.462914 0.750341 0.467180 0.749576 0.469806 0.745969 0.475057
0 0.805548 0.507220 0.810795 0.502626 0.817682 0.493108 0.825006 0.492451 0.829707 0.499015 0.826318 0.508861 0.829051 0.512143 0.834955 0.511815 0.836813 0.506892 0.840967 0.505908 0.842607 0.502954 0.838453 0.496718 0.834955 0.483590 0.831456 0.476042 0.826318 0.469478 0.823913 0.464227 0.821618 0.463242 0.815824 0.471119 0.812325 0.473088 0.808281 0.463570 0.807187 0.472103 0.808062 0.485231 0.803689 0.493436 0.804017 0.502297
0 0.868406 0.500000 0.874200 0.496718 0.874856 0.493764 0.879557 0.496062 0.880869 0.511815 0.887428 0.515097 0.895408 0.511815 0.897485 0.518051 0.905903 0.519035 0.907433 0.512800 0.910604 0.503610 0.908964 0.496718 0.910822 0.488513 0.915195 0.485888 0.917928 0.481949 0.920005 0.474072 0.912025 0.463898 0.906559 0.455693 0.899453 0.455365 0.894752 0.463242 0.888521 0.470134 0.884258 0.470462 0.881525 0.470134 0.878354 0.468821 0.874637 0.471119 0.870921 0.482277 0.868734 0.489169 0.867750 0.494421 0.867532 0.498031
